-7.048637781447330326e+02
-3.398419251261730096e+02
-1.141330453293303151e+02
-1.790020336750110914e+02
-5.200645799535533342e+01
-3.644725690595318213e+01
-2.993552915932887615e+01
-4.289578969614623816e+01
-2.311349555601670431e+02
3.230983278562433725e+01
-5.551461788888434512e+01
-8.084835980328264782e+01
1.468484270303318340e+02
-2.854365423565739661e+02
-8.506774170806734503e+01
-1.241639707346067354e+02
-1.008121255055813918e+02
-9.460596736649803518e+01
-9.230231862235690699e+01
-6.027441106785962432e+01
1.306271232173193120e+01
