-2.641506102970653274e+02
-1.527081429791497840e+02
-2.745059366101423137e+01
-1.297888834840885863e+01
-1.687832320103256336e+02
-2.071734856064971950e+02
-1.449148032517032050e+02
-4.135208486906049785e+01
1.519020822307999197e+01
-2.061134779662235772e+01
9.043788037919591716e+01
1.595072477786202967e+02
2.141440175814503277e+02
1.665058163735375842e+02
1.080171396902342167e+02
1.004326899132579243e+01
8.325951033082262143e+01
1.655419277948075774e+02
2.420044624369662927e+02
2.242527068763152727e+02
2.115855399433277739e+02
