-4.906594189305417899e+02
-1.043930010230848495e+02
-1.225173949856282860e+02
-1.253695178636501595e+02
1.695123595100306488e+02
2.330941863738293307e+02
1.617379708277657073e+02
2.258754849274480421e+02
2.370314409638727682e+02
2.139476638107564099e+02
2.354803438228241248e+02
2.021003812330341702e+02
1.738849572006189987e+02
1.022126194261480805e+02
2.424748038971674191e+02
2.304838620839267662e+02
2.618873638384437754e+02
2.671331975375960610e+02
2.544616467228520946e+02
2.445811899361596602e+02
2.676452518030154692e+02
