-1.546958721570025546e+02
-7.428870656654400761e+01
2.853622466768131360e+01
8.697410331475533951e+01
1.935324051477689125e+02
1.846076614281139996e+02
2.076503404900482508e+02
2.508422335930738996e+02
1.803548847762513105e+02
1.012219722528796950e+02
2.282484943068860161e+02
2.258485382364938232e+02
2.182702901382613163e+02
2.566067943543953902e+02
2.013565633666889312e+02
2.008733701225353627e+02
2.138152975206398025e+02
2.210544933249288420e+02
2.471374957378852173e+02
2.323548083149187278e+02
2.471062982103362060e+02
