0.000000000000000000e+00
0.000000000000000000e+00
1.830949974060058594e+01
5.465022563934326172e+00
4.612559795379638672e+00
4.643094062805175781e+00
5.074817657470703125e+00
4.246732711791992188e+00
5.767696380615234375e+00
8.193981170654296875e+00
7.017224788665771484e+00
5.838288784027099609e+00
5.791389465332031250e+00
7.699745178222656250e+00
6.517500400543212891e+00
8.795605659484863281e+00
8.238661766052246094e+00
6.810878753662109375e+00
9.389572143554687500e+00
7.567827224731445312e+00
6.931502819061279297e+00
8.599258422851562500e+00
7.338151454925537109e+00
8.400877952575683594e+00
8.779615402221679688e+00
7.751575946807861328e+00
7.647663593292236328e+00
7.597866058349609375e+00
7.254296779632568359e+00
6.669242382049560547e+00
1.303146171569824219e+01
9.418298721313476562e+00
8.382154464721679688e+00
7.985916137695312500e+00
7.438755035400390625e+00
6.940965175628662109e+00
6.387638568878173828e+00
6.019113063812255859e+00
5.718336105346679688e+00
5.395481586456298828e+00
6.314831733703613281e+00
5.802470684051513672e+00
5.464597702026367188e+00
5.377295017242431641e+00
5.246442317962646484e+00
5.070468425750732422e+00
4.992942333221435547e+00
5.076480388641357422e+00
5.271970748901367188e+00
5.118745803833007812e+00
5.095971107482910156e+00
6.128931522369384766e+00
5.725102424621582031e+00
7.135778427124023438e+00
6.232246875762939453e+00
5.818727493286132812e+00
7.202004909515380859e+00
6.950696468353271484e+00
6.461941242218017578e+00
7.173882961273193359e+00
7.170544147491455078e+00
6.770242214202880859e+00
6.803168296813964844e+00
6.715364456176757812e+00
6.710566043853759766e+00
6.390993118286132812e+00
6.537618637084960938e+00
6.406427860260009766e+00
6.180826663970947266e+00
6.403166770935058594e+00
6.490908145904541016e+00
6.600771903991699219e+00
8.650793075561523438e+00
7.447004318237304688e+00
6.835234165191650391e+00
6.593517780303955078e+00
1.020817089080810547e+01
6.622178554534912109e+00
6.818172931671142578e+00
6.941971302032470703e+00
6.997903823852539062e+00
7.122211933135986328e+00
9.311207771301269531e+00
9.431632995605468750e+00
9.651002883911132812e+00
8.668728828430175781e+00
8.940155029296875000e+00
9.030225753784179688e+00
8.124006271362304688e+00
1.046121025085449219e+01
8.972710609436035156e+00
8.652069091796875000e+00
8.503875732421875000e+00
8.434857368469238281e+00
7.759651660919189453e+00
7.794633865356445312e+00
7.553442478179931641e+00
7.000748157501220703e+00
6.750537395477294922e+00
6.500774860382080078e+00
6.292957305908203125e+00
6.093402385711669922e+00
5.962678909301757812e+00
5.927350521087646484e+00
5.752239704132080078e+00
6.206605434417724609e+00
6.012162208557128906e+00
5.935210704803466797e+00
6.050283432006835938e+00
5.755726337432861328e+00
5.798242092132568359e+00
5.650593757629394531e+00
5.641396999359130859e+00
5.537715911865234375e+00
5.316563129425048828e+00
6.271920680999755859e+00
5.732865333557128906e+00
5.472396373748779297e+00
5.724828243255615234e+00
5.617496967315673828e+00
5.458080291748046875e+00
5.189147472381591797e+00
5.264919757843017578e+00
5.005767345428466797e+00
6.157240390777587891e+00
6.189787864685058594e+00
5.970543861389160156e+00
5.955059528350830078e+00
5.615665912628173828e+00
5.601115703582763672e+00
7.117453575134277344e+00
6.105967521667480469e+00
5.795752048492431641e+00
5.643152236938476562e+00
5.538046836853027344e+00
8.653118133544921875e+00
7.671133518218994141e+00
7.320300579071044922e+00
6.768970489501953125e+00
6.187609195709228516e+00
5.986021518707275391e+00
5.798020839691162109e+00
6.146536350250244141e+00
5.917379379272460938e+00
7.198845863342285156e+00
6.368887901306152344e+00
5.894942283630371094e+00
5.712221145629882812e+00
5.370751857757568359e+00
5.128099441528320312e+00
5.007933616638183594e+00
4.805294990539550781e+00
4.749805450439453125e+00
4.673813819885253906e+00
4.685162067413330078e+00
4.634094715118408203e+00
4.479834556579589844e+00
4.402172088623046875e+00
4.301459789276123047e+00
4.384275436401367188e+00
4.190974235534667969e+00
4.164436340332031250e+00
4.061500072479248047e+00
4.066661834716796875e+00
4.590582847595214844e+00
4.322830677032470703e+00
4.296249866485595703e+00
4.036904811859130859e+00
4.038108825683593750e+00
4.663187503814697266e+00
4.115023612976074219e+00
4.133308887481689453e+00
4.052700519561767578e+00
4.017745494842529297e+00
3.938022136688232422e+00
3.759970903396606445e+00
3.734558105468750000e+00
3.702087402343750000e+00
3.700690507888793945e+00
3.969305515289306641e+00
3.782315731048583984e+00
1.253705596923828125e+01
4.713115215301513672e+00
4.008688449859619141e+00
3.952383279800415039e+00
4.013049602508544922e+00
4.043643951416015625e+00
4.133965015411376953e+00
4.045091152191162109e+00
4.075826644897460938e+00
5.502577781677246094e+00
4.566863059997558594e+00
4.439420700073242188e+00
4.355951309204101562e+00
4.213700771331787109e+00
7.156183719635009766e+00
5.219278335571289062e+00
4.134016513824462891e+00
3.971067905426025391e+00
3.866240978240966797e+00
