0.000000000000000000e+00
0.000000000000000000e+00
2.949835586547851562e+01
1.835952949523925781e+01
5.316327285766601562e+01
1.205610942840576172e+01
2.663128852844238281e+01
1.542123508453369141e+01
1.618820190429687500e+01
1.808873176574707031e+01
1.281706619262695312e+01
1.994717216491699219e+01
2.021330642700195312e+01
1.861084747314453125e+01
2.562156677246093750e+01
8.105476379394531250e+00
9.925281524658203125e+00
6.569184780120849609e+00
8.716195106506347656e+00
5.560096740722656250e+00
4.843057155609130859e+00
4.996272563934326172e+00
3.469517707824707031e+00
3.604455471038818359e+00
3.700292110443115234e+00
3.921522617340087891e+00
3.486243724822998047e+00
2.947778940200805664e+00
2.785334110260009766e+00
2.801901340484619141e+00
5.705451965332031250e+00
4.698977470397949219e+00
4.669540882110595703e+00
4.568508625030517578e+00
5.235620975494384766e+00
5.172445297241210938e+00
1.212495708465576172e+01
1.093358135223388672e+01
1.061881065368652344e+01
1.165339660644531250e+01
9.229611396789550781e+00
2.631810188293457031e+01
2.514680862426757812e+01
2.031949234008789062e+01
1.810264968872070312e+01
2.413539886474609375e+01
2.801227760314941406e+01
1.990216064453125000e+01
1.747607612609863281e+01
3.163932991027832031e+01
3.137892150878906250e+01
2.262416076660156250e+01
2.105731582641601562e+01
1.711073303222656250e+01
1.411978149414062500e+01
1.313477516174316406e+01
1.160904121398925781e+01
1.251445865631103516e+01
1.283485317230224609e+01
1.092042922973632812e+01
1.008593940734863281e+01
1.153252506256103516e+01
1.086827659606933594e+01
1.550556850433349609e+01
1.217624187469482422e+01
1.668574142456054688e+01
3.408080673217773438e+01
3.603325653076171875e+01
2.285264587402343750e+01
1.971595764160156250e+01
2.246473884582519531e+01
1.902198028564453125e+01
1.856047248840332031e+01
1.932608604431152344e+01
1.935619163513183594e+01
1.940327453613281250e+01
3.944199752807617188e+01
3.422656250000000000e+01
2.054929733276367188e+01
3.707108688354492188e+01
2.523450279235839844e+01
1.624362564086914062e+01
1.492948627471923828e+01
1.547689247131347656e+01
3.024968719482421875e+01
1.698560523986816406e+01
1.877383804321289062e+01
1.806562995910644531e+01
1.717240905761718750e+01
1.675404167175292969e+01
1.738047981262207031e+01
1.654710960388183594e+01
1.765589904785156250e+01
1.662394905090332031e+01
1.553973674774169922e+01
1.927077674865722656e+01
1.628121376037597656e+01
1.647047615051269531e+01
2.845651245117187500e+01
2.935580825805664062e+01
2.053726577758789062e+01
1.878635978698730469e+01
1.670186042785644531e+01
1.827837181091308594e+01
1.693639373779296875e+01
1.605165290832519531e+01
1.785901260375976562e+01
1.970958328247070312e+01
1.699152946472167969e+01
1.726221656799316406e+01
1.831900024414062500e+01
1.780787086486816406e+01
1.755968666076660156e+01
1.628107070922851562e+01
2.350111007690429688e+01
1.838297271728515625e+01
1.776526260375976562e+01
1.731323432922363281e+01
1.755112266540527344e+01
1.682284927368164062e+01
1.700945854187011719e+01
1.730800056457519531e+01
1.652111244201660156e+01
1.577250385284423828e+01
1.582544898986816406e+01
1.633420372009277344e+01
1.601116371154785156e+01
1.683203506469726562e+01
1.652162551879882812e+01
1.606933784484863281e+01
1.753958320617675781e+01
1.667076873779296875e+01
1.636008834838867188e+01
1.645545578002929688e+01
1.852465820312500000e+01
1.702227020263671875e+01
1.621928215026855469e+01
1.715821838378906250e+01
1.817705345153808594e+01
1.926173400878906250e+01
1.723610877990722656e+01
1.813389015197753906e+01
1.861278915405273438e+01
1.818031692504882812e+01
1.828966140747070312e+01
1.897001266479492188e+01
1.929484176635742188e+01
1.904411888122558594e+01
1.875937652587890625e+01
1.859080886840820312e+01
1.978602981567382812e+01
2.423245811462402344e+01
2.554414749145507812e+01
2.395906639099121094e+01
2.859157371520996094e+01
2.530891418457031250e+01
2.318562126159667969e+01
2.487005043029785156e+01
2.351226234436035156e+01
2.362980842590332031e+01
2.414280509948730469e+01
2.345660400390625000e+01
2.291102409362792969e+01
2.206935119628906250e+01
2.103491783142089844e+01
2.111956024169921875e+01
2.160324096679687500e+01
2.057731628417968750e+01
1.989637756347656250e+01
1.950481414794921875e+01
1.878445625305175781e+01
1.873165893554687500e+01
1.879964828491210938e+01
1.952177429199218750e+01
1.867557907104492188e+01
1.826799201965332031e+01
2.009554481506347656e+01
2.049091339111328125e+01
1.978833198547363281e+01
2.049929618835449219e+01
1.963659286499023438e+01
1.933909416198730469e+01
1.935413169860839844e+01
2.085669136047363281e+01
2.021191215515136719e+01
2.020187187194824219e+01
2.176026153564453125e+01
2.031847572326660156e+01
2.050043678283691406e+01
2.195232009887695312e+01
2.126363563537597656e+01
2.178297615051269531e+01
2.150446891784667969e+01
2.261330604553222656e+01
2.431537628173828125e+01
2.343165969848632812e+01
2.545675659179687500e+01
2.325420951843261719e+01
2.482787132263183594e+01
2.306606864929199219e+01
