0.000000000000000000e+00
0.000000000000000000e+00
9.955992698669433594e+00
1.658259391784667969e+01
1.900405120849609375e+01
1.299021339416503906e+01
9.162102699279785156e+00
7.119228363037109375e+00
5.434881687164306641e+00
7.363409519195556641e+00
2.509404182434082031e+01
1.241291999816894531e+01
1.151853561401367188e+01
4.841170787811279297e+00
5.578752040863037109e+00
7.347533226013183594e+00
7.716367244720458984e+00
5.383921623229980469e+00
5.016953945159912109e+00
5.548716545104980469e+00
6.162734031677246094e+00
8.031590461730957031e+00
5.986061096191406250e+00
5.056586742401123047e+00
6.994396686553955078e+00
4.729133605957031250e+00
3.961671590805053711e+00
1.775632476806640625e+01
7.966181278228759766e+00
5.037574768066406250e+00
5.353503227233886719e+00
4.499128818511962891e+00
5.058448314666748047e+00
4.717343330383300781e+00
3.524286508560180664e+00
3.424442768096923828e+00
3.843649148941040039e+00
3.317617893218994141e+00
3.534946441650390625e+00
3.229522943496704102e+00
3.014354467391967773e+00
3.400712966918945312e+00
3.566575527191162109e+00
3.728158712387084961e+00
3.548525571823120117e+00
3.531895399093627930e+00
3.471120357513427734e+00
3.321149826049804688e+00
3.798344135284423828e+00
4.217955589294433594e+00
3.544220685958862305e+00
4.554058551788330078e+00
4.022201538085937500e+00
3.589416027069091797e+00
4.453317642211914062e+00
3.657149791717529297e+00
3.632437467575073242e+00
3.422757863998413086e+00
3.370556831359863281e+00
3.274770498275756836e+00
3.384513139724731445e+00
3.186340332031250000e+00
4.842267513275146484e+00
4.092940807342529297e+00
3.963605880737304688e+00
4.288079261779785156e+00
4.165114879608154297e+00
4.429895401000976562e+00
3.998347282409667969e+00
3.831621408462524414e+00
5.069344520568847656e+00
4.356183528900146484e+00
4.589389324188232422e+00
4.805702686309814453e+00
4.393611431121826172e+00
4.167522430419921875e+00
4.051647663116455078e+00
4.237565517425537109e+00
4.083699226379394531e+00
3.813295125961303711e+00
3.747338294982910156e+00
3.695713043212890625e+00
3.641426801681518555e+00
3.518810987472534180e+00
3.477014541625976562e+00
3.854222774505615234e+00
3.668902158737182617e+00
3.654966831207275391e+00
3.626872539520263672e+00
3.358141183853149414e+00
3.249946117401123047e+00
3.231821775436401367e+00
3.119782686233520508e+00
3.117177963256835938e+00
3.039874076843261719e+00
2.968653917312622070e+00
3.004145622253417969e+00
2.957507848739624023e+00
2.964883804321289062e+00
2.898226976394653320e+00
2.866118669509887695e+00
2.819278717041015625e+00
2.925520896911621094e+00
2.854892015457153320e+00
2.846101760864257812e+00
2.792277336120605469e+00
2.764151334762573242e+00
2.659006834030151367e+00
2.698380708694458008e+00
2.652493238449096680e+00
2.776176691055297852e+00
2.684397935867309570e+00
2.658410549163818359e+00
3.467396974563598633e+00
2.891771554946899414e+00
2.840514421463012695e+00
3.353808164596557617e+00
2.962919712066650391e+00
3.408494949340820312e+00
3.124485254287719727e+00
3.022590398788452148e+00
3.274585485458374023e+00
3.243086576461791992e+00
3.430705547332763672e+00
3.269407987594604492e+00
3.243165969848632812e+00
3.140450239181518555e+00
3.125195741653442383e+00
3.169607877731323242e+00
3.141072988510131836e+00
3.047071218490600586e+00
3.347030401229858398e+00
3.387056112289428711e+00
3.160000085830688477e+00
4.891824245452880859e+00
4.100582122802734375e+00
3.789824962615966797e+00
3.612396001815795898e+00
3.451010704040527344e+00
3.475621223449707031e+00
3.622935056686401367e+00
3.266030311584472656e+00
3.118269205093383789e+00
2.964907646179199219e+00
3.288612842559814453e+00
3.137870550155639648e+00
2.966890573501586914e+00
2.880041599273681641e+00
2.891046762466430664e+00
2.736421346664428711e+00
2.885827541351318359e+00
3.224714994430541992e+00
3.066016435623168945e+00
2.983347177505493164e+00
2.873018741607666016e+00
2.798978090286254883e+00
2.701642990112304688e+00
2.694948196411132812e+00
2.583168983459472656e+00
2.858470678329467773e+00
2.728992700576782227e+00
2.849110364913940430e+00
2.709481000900268555e+00
2.646865606307983398e+00
2.585621118545532227e+00
2.570930242538452148e+00
2.647015571594238281e+00
2.556710958480834961e+00
2.504840373992919922e+00
2.448676109313964844e+00
2.389838695526123047e+00
2.482444286346435547e+00
2.396685123443603516e+00
2.332086801528930664e+00
2.368907451629638672e+00
2.445832014083862305e+00
2.475601673126220703e+00
2.435074329376220703e+00
2.360089778900146484e+00
2.515544414520263672e+00
2.461763620376586914e+00
2.434792995452880859e+00
2.468256950378417969e+00
2.419559001922607422e+00
2.438227653503417969e+00
2.379863023757934570e+00
2.404281139373779297e+00
2.322485923767089844e+00
2.343618631362915039e+00
2.305126667022705078e+00
2.401136636734008789e+00
2.406806230545043945e+00
3.164400577545166016e+00
2.730335950851440430e+00
3.036183834075927734e+00
2.895393848419189453e+00
2.786923885345458984e+00
2.852275371551513672e+00
2.677547454833984375e+00
2.638940334320068359e+00
