0.000000000000000000e+00
0.000000000000000000e+00
2.206121444702148438e+01
1.327313423156738281e+01
4.971912765502929688e+01
1.108350708007812500e+03
7.644425048828125000e+02
1.708912811279296875e+02
2.764356079101562500e+02
1.065768280029296875e+02
7.823987579345703125e+01
4.176190567016601562e+01
4.359709548950195312e+01
2.059746360778808594e+01
1.864018440246582031e+01
1.296659946441650391e+01
1.429768657684326172e+01
2.389980125427246094e+01
9.747006225585937500e+01
5.041413497924804688e+01
4.598242187500000000e+01
2.911612892150878906e+01
2.166293144226074219e+01
1.236921157836914062e+02
3.007017517089843750e+01
2.263792228698730469e+01
2.127212142944335938e+01
3.565261077880859375e+01
5.255467605590820312e+01
3.775795745849609375e+01
3.304991531372070312e+01
4.294646072387695312e+01
3.005668449401855469e+01
3.305325317382812500e+01
2.837597656250000000e+01
2.528984451293945312e+01
2.415459823608398438e+01
2.227277374267578125e+01
2.104228591918945312e+01
2.133393287658691406e+01
2.059268760681152344e+01
1.920360565185546875e+01
1.943866729736328125e+01
1.942882156372070312e+01
1.962060546875000000e+01
1.969900703430175781e+01
2.421932983398437500e+01
3.191803741455078125e+01
3.303876495361328125e+01
3.004033660888671875e+01
3.166857528686523438e+01
3.096141815185546875e+01
3.130898475646972656e+01
3.464719390869140625e+01
6.836920928955078125e+01
3.856314849853515625e+01
3.524417114257812500e+01
3.444593811035156250e+01
3.346892929077148438e+01
3.751567077636718750e+01
3.813732147216796875e+01
4.261465072631835938e+01
4.580646133422851562e+01
4.286565399169921875e+01
4.020338821411132812e+01
4.229416275024414062e+01
7.828778076171875000e+01
7.571378326416015625e+01
5.151143646240234375e+01
6.357675170898437500e+01
5.080414199829101562e+01
4.352759933471679688e+01
3.881131744384765625e+01
3.881549453735351562e+01
3.892571258544921875e+01
3.725440216064453125e+01
4.848797607421875000e+01
4.212787628173828125e+01
4.036348342895507812e+01
5.054537582397460938e+01
4.834566497802734375e+01
5.693547821044921875e+01
4.823676681518554688e+01
4.896396255493164062e+01
4.551478195190429688e+01
4.274853134155273438e+01
3.881266403198242188e+01
3.753382873535156250e+01
5.442383575439453125e+01
4.602591705322265625e+01
4.791191101074218750e+01
3.905277252197265625e+01
3.677938461303710938e+01
3.532601547241210938e+01
3.269313812255859375e+01
3.252242660522460938e+01
3.143375015258789062e+01
3.154491615295410156e+01
3.116818428039550781e+01
3.060950469970703125e+01
3.118527030944824219e+01
3.177990913391113281e+01
3.493230056762695312e+01
3.234658432006835938e+01
3.245386123657226562e+01
3.324459838867187500e+01
3.243222045898437500e+01
8.314733123779296875e+01
5.733886718750000000e+01
4.537457656860351562e+01
3.912096023559570312e+01
5.435943603515625000e+01
3.648213958740234375e+01
3.424681091308593750e+01
1.845759735107421875e+02
1.098366775512695312e+02
7.718614196777343750e+01
7.450848388671875000e+01
6.781545257568359375e+01
6.255561828613281250e+01
6.173878479003906250e+01
5.710939025878906250e+01
5.954684448242187500e+01
6.000831985473632812e+01
6.281524276733398438e+01
6.206380462646484375e+01
6.408297729492187500e+01
7.795405578613281250e+01
8.333281707763671875e+01
9.414731597900390625e+01
9.130915832519531250e+01
9.767909240722656250e+01
9.962062835693359375e+01
1.036167602539062500e+02
1.115507125854492188e+02
1.374357910156250000e+02
1.280290985107421875e+02
1.306603851318359375e+02
1.274281997680664062e+02
1.311175994873046875e+02
1.363718719482421875e+02
1.295236511230468750e+02
1.229563217163085938e+02
1.191125030517578125e+02
1.065996704101562500e+02
1.093386001586914062e+02
1.021041259765625000e+02
2.164433288574218750e+02
1.745881195068359375e+02
1.456513977050781250e+02
1.364721221923828125e+02
1.159765472412109375e+02
1.201288146972656250e+02
1.059094238281250000e+02
9.646095275878906250e+01
9.800348663330078125e+01
9.306768035888671875e+01
8.638865661621093750e+01
8.530212402343750000e+01
9.183302307128906250e+01
8.423133850097656250e+01
8.253433227539062500e+01
7.376223754882812500e+01
7.913254547119140625e+01
7.833234405517578125e+01
7.806338500976562500e+01
7.384855651855468750e+01
7.482013702392578125e+01
7.779710388183593750e+01
7.556162261962890625e+01
7.468359375000000000e+01
7.253929901123046875e+01
7.239663696289062500e+01
6.867055511474609375e+01
6.771989440917968750e+01
6.613034057617187500e+01
6.340186309814453125e+01
7.106745147705078125e+01
6.440727233886718750e+01
6.200635147094726562e+01
5.988366317749023438e+01
5.471501541137695312e+01
5.381007003784179688e+01
5.702307510375976562e+01
5.332495498657226562e+01
5.043898391723632812e+01
5.228433227539062500e+01
4.632162475585937500e+01
4.416922760009765625e+01
4.225304794311523438e+01
3.887343597412109375e+01
3.659817886352539062e+01
3.577864074707031250e+01
3.536503601074218750e+01
3.326152420043945312e+01
3.333493041992187500e+01
3.007391166687011719e+01
2.882856941223144531e+01
2.885223197937011719e+01
2.705023002624511719e+01
