-9.184611865952217613e+01
-1.007347873424505167e+02
-1.221975011267004518e+01
-9.607853746371900172e+01
-9.535101973213845383e+01
-9.376953444450379038e+01
-9.453100802808944536e+01
-1.119600932736501875e+02
-9.265322068967792291e+01
-9.452062225340482371e+01
-9.403364452539953788e+01
-7.597362183203441077e+01
-5.457879867883669789e+01
-2.045324733471566603e+01
-2.124660040010585504e+01
-2.985809793405164925e+01
-1.977597654821777695e+01
-2.067492173882549267e+01
-1.857826370047386177e+01
-2.122029533658701439e+01
-2.398926664575409262e+01
-2.507587569300981301e+01
-2.594793540565326140e+01
-2.594469414657531914e+01
-1.909458976879538028e+01
-2.352389925104255397e+01
-2.129538278246744198e+01
-2.152514645105674163e+01
-1.679495747862780064e+01
-1.450611355704011451e+01
-1.416549736792254954e+01
-1.068467949198100442e+01
-6.792710268833876519e+00
-4.753042326452347588e+00
-4.895025731786268430e+00
-5.697804301826909779e+00
-2.403054718773425247e+00
-2.097607315690752650e+00
-3.190274673099348313e+00
-1.361166050307624165e+00
-8.828692648062107518e-01
-4.671048408977987454e-01
-2.157650644664968809e+00
4.432448937082213852e-02
-2.351642886886726291e+00
-3.125236020378896917e+00
-3.489204505687055757e+00
8.044255760559733404e-02
-2.530035874182661182e+00
-1.062363868698797509e+00
-7.601777484287363107e-01
-1.892807583333060650e+00
-2.544336498487154152e+00
-1.838975751781460444e+00
-2.099502211140054642e-01
-2.284670135612825170e-01
5.120324635498139099e-01
1.555394702478331448e+00
1.220683188675137032e+00
6.835277128753080023e-01
1.125940738990352408e+00
5.284177336265156733e-01
3.169222020383300364e+00
1.920331028055724421e+00
1.780665432362966927e+00
2.979233860812185331e+00
2.696904570703054560e+00
3.863775936426265822e+00
2.862128142294655397e+00
2.843279838681489036e+00
1.811417194833066846e+00
1.560424182957843353e+00
1.119335381224872084e+00
1.476831535506252235e+00
1.338840393056466738e+00
2.619536008905248625e+00
2.112655281414099306e+00
3.661876841693959328e+00
2.751392170857350106e+00
3.105789046071842474e+00
3.879307919973518981e+00
3.455070371598158996e+00
4.396692856040315789e+00
3.029058823040801762e+00
9.266919549092179631e-01
2.679627395178697746e+00
2.564523538684476023e+00
3.322405933959567736e+00
2.182310488679168881e+00
2.700662505572281269e+00
2.797611813667635339e+00
-4.910777050015141043e+01
2.205356158384330190e+00
2.234094959897443111e+00
3.066365058878196770e+00
1.858897944965239635e+00
-6.486955893348851365e-01
1.378147619520594169e+00
2.025328746355016030e+00
1.992314114102981648e+00
3.213651772924531969e+00
