-9.302617988446101549e+01
-9.452925423746791012e+01
-8.267474035273244226e+01
-1.115378280018848045e+02
-1.390163964133005337e+01
-3.431176667650512258e+01
-3.775254367572320291e+01
-3.603895121882520414e+01
-9.681866503709308347e+01
-9.597672180527196417e+01
-8.164867670318156456e+01
-9.488669666572383221e+01
-6.911823438171533951e+01
-7.419824302519417358e+01
-9.436457806444255425e+01
-7.136137301971129432e+01
-1.748679171830351464e+01
-7.366072381514830347e+00
-6.174038394800803076e+00
-3.659390985257394924e+00
-4.218615118333731928e+00
-2.452998505635709758e+00
-1.277891091376449406e+00
-6.334718345275609508e+00
-5.823799118415796450e+00
-3.462213083883009634e+00
-3.930429798519530671e+00
-1.134123415939132329e+01
-2.611384173785558538e+00
-3.199266471840873649e+00
1.184018038182234750e-01
9.227988724327693126e-02
-6.147081954524656888e-01
2.628497934460608310e+00
-3.972385048297505161e+00
-3.794656654014629371e+00
-2.444918810741442794e+00
-1.663668698669013013e+00
2.281441534459532211e-02
-1.709610234793662309e-01
1.132262754866942167e+00
1.710897169797495510e+00
1.172745678400133995e+00
1.293646094663684076e+00
2.096800346818606664e-01
-5.368555777874730456e-02
5.695213807532931716e-01
1.790119318434929996e+00
5.318246433280193752e-01
-1.103801002329471981e+00
3.714903528096942686e+00
2.888223156966962968e+00
6.788233181532875804e+00
9.570313218567706670e+00
8.742092950663707285e+00
5.244601524202490594e+00
2.979075443451243643e+00
4.702528400446349011e+00
4.644835998382133901e+00
4.823391089230497641e+00
4.933923768887657602e+00
6.036700089866289254e+00
6.547169722475631559e+00
7.857596103419626665e+00
7.060658385311273655e+00
7.305947772513583516e+00
8.329076891307783725e+00
1.139958296804597282e+01
1.200265267355756649e+01
1.385749052182384489e+01
1.658411907103741356e+01
1.853993599834958417e+01
1.903813224066998799e+01
1.909203902196322389e+01
1.847962657722107593e+01
1.914302936868364569e+01
1.873861307886416938e+01
1.801065505703052949e+01
1.901116664137861179e+01
1.909060752368366209e+01
1.870700978857134800e+01
1.920949109272367394e+01
1.976408022891231653e+01
2.110926581310575756e+01
1.987552613095956033e+01
1.960465121951297718e+01
2.098958803358095082e+01
2.245093700025013206e+01
2.022113422331775467e+01
2.133628449816574246e+01
2.339140858797967226e+01
2.328779364942700525e+01
2.266434332231479942e+01
2.422336922544518956e+01
2.454017814852817381e+01
2.544281423618570415e+01
2.496874530155340111e+01
2.656791927063427394e+01
2.734580077335784765e+01
2.944693347998867239e+01
2.751500988091984823e+01
