0.000000000000000000e+00
0.000000000000000000e+00
2.532948732376098633e+00
9.484472274780273438e-01
5.600948929786682129e-01
5.863921046257019043e-01
6.330116987228393555e-01
6.303792595863342285e-01
6.558948755264282227e-01
6.978264451026916504e-01
6.292753219604492188e-01
5.430492162704467773e-01
4.804955124855041504e-01
5.057243704795837402e-01
7.776236534118652344e-01
7.750021815299987793e-01
6.161113977432250977e-01
7.899278402328491211e-01
5.740864276885986328e-01
4.159285724163055420e-01
3.727893233299255371e-01
3.112999200820922852e-01
2.947959601879119873e-01
2.813742756843566895e-01
2.825930118560791016e-01
3.011369109153747559e-01
3.137789666652679443e-01
3.143468201160430908e-01
3.535899519920349121e-01
2.712727785110473633e-01
2.302545011043548584e-01
2.004768103361129761e-01
1.760804951190948486e-01
1.550537943840026855e-01
1.552236378192901611e-01
1.476441025733947754e-01
1.332701146602630615e-01
1.174624487757682800e-01
1.169682517647743225e-01
9.837500005960464478e-02
9.376300126314163208e-02
8.745185285806655884e-02
8.201959729194641113e-02
7.399835437536239624e-02
7.173310965299606323e-02
6.704144179821014404e-02
6.008081510663032532e-02
5.898731946945190430e-02
5.854922533035278320e-02
5.378701165318489075e-02
5.272665992379188538e-02
4.747448861598968506e-02
4.755371809005737305e-02
4.391109570860862732e-02
5.635498091578483582e-02
5.077468231320381165e-02
4.741341248154640198e-02
4.522230103611946106e-02
4.211315512657165527e-02
4.144772887229919434e-02
3.835578262805938721e-02
4.176133126020431519e-02
3.481489419937133789e-02
3.552278876304626465e-02
3.628420084714889526e-02
3.491078689694404602e-02
3.361685201525688171e-02
3.287296369671821594e-02
3.131107240915298462e-02
3.156556189060211182e-02
2.965895459055900574e-02
3.015131689608097076e-02
3.164243325591087341e-02
3.010633029043674469e-02
3.100353851914405823e-02
2.996206656098365784e-02
2.898688428103923798e-02
2.952413447201251984e-02
2.882760576903820038e-02
2.773844450712203979e-02
2.939237840473651886e-02
2.992278523743152618e-02
2.953882887959480286e-02
2.900619432330131531e-02
2.954196929931640625e-02
2.904948219656944275e-02
2.870440483093261719e-02
3.067270480096340179e-02
3.122229315340518951e-02
3.034968115389347076e-02
3.189346194267272949e-02
3.254921734333038330e-02
3.081135079264640808e-02
3.490453213453292847e-02
3.351606056094169617e-02
3.346507251262664795e-02
3.177693486213684082e-02
3.184549137949943542e-02
2.972628921270370483e-02
2.989477291703224182e-02
2.881947159767150879e-02
2.836723998188972473e-02
2.857635170221328735e-02
2.849247306585311890e-02
2.786082029342651367e-02
2.762408740818500519e-02
2.660928666591644287e-02
2.651890181005001068e-02
2.524629421532154083e-02
2.523809857666492462e-02
2.481930516660213470e-02
2.485187165439128876e-02
2.402730099856853485e-02
2.463863976299762726e-02
2.384690567851066589e-02
2.320237644016742706e-02
2.357266470789909363e-02
2.259515412151813507e-02
2.308343537151813507e-02
2.243885211646556854e-02
2.337815240025520325e-02
2.322068065404891968e-02
2.213032543659210205e-02
2.270561829209327698e-02
2.298264950513839722e-02
2.263581380248069763e-02
2.345083095133304596e-02
2.268939651548862457e-02
2.315386943519115448e-02
2.189949341118335724e-02
2.302281185984611511e-02
2.297884598374366760e-02
2.213590219616889954e-02
2.323243021965026855e-02
2.221043966710567474e-02
2.217006497085094452e-02
2.199661172926425934e-02
2.242319285869598389e-02
2.204375527799129486e-02
2.199111133813858032e-02
2.251638099551200867e-02
2.234120480716228485e-02
2.107232995331287384e-02
2.195756137371063232e-02
2.129869908094406128e-02
2.100956067442893982e-02
2.075368538498878479e-02
2.571219950914382935e-02
2.145117893815040588e-02
1.972493715584278107e-02
2.044731564819812775e-02
1.943587139248847961e-02
1.933355629444122314e-02
1.875169947743415833e-02
1.847374252974987030e-02
1.829593069851398468e-02
1.804961636662483215e-02
1.768903434276580811e-02
1.730273850262165070e-02
1.754028350114822388e-02
1.659137010574340820e-02
1.712043024599552155e-02
1.690985076129436493e-02
1.713477633893489838e-02
1.675373315811157227e-02
1.621874608099460602e-02
1.588955521583557129e-02
1.615259237587451935e-02
1.704615168273448944e-02
1.637009344995021820e-02
1.649637706577777863e-02
1.657460443675518036e-02
1.638544164597988129e-02
1.725873909890651703e-02
1.608980260789394379e-02
1.666116341948509216e-02
1.675751805305480957e-02
1.848748698830604553e-02
1.768303662538528442e-02
1.813028380274772644e-02
1.762974634766578674e-02
1.776656322181224823e-02
1.841845922172069550e-02
1.848838292062282562e-02
1.891098916530609131e-02
1.777536422014236450e-02
1.780257001519203186e-02
1.861481554806232452e-02
1.739200018346309662e-02
1.679356954991817474e-02
1.892089284956455231e-02
1.730536296963691711e-02
1.859387755393981934e-02
1.741358637809753418e-02
1.874346658587455750e-02
1.847358793020248413e-02
1.864317432045936584e-02
1.850009150803089142e-02
1.821364089846611023e-02
1.984366960823535919e-02
1.987937651574611664e-02
1.989089138805866241e-02
1.786741986870765686e-02
2.085328288376331329e-02
2.072512917220592499e-02
1.909071020781993866e-02
1.929087936878204346e-02
1.834149472415447235e-02
2.095483615994453430e-02
2.030959539115428925e-02
2.053027041256427765e-02
2.099653892219066620e-02
1.999926008284091949e-02
2.142356522381305695e-02
1.990599185228347778e-02
2.020427212119102478e-02
1.997288875281810760e-02
1.990045234560966492e-02
2.035363577306270599e-02
1.838886551558971405e-02
1.946254819631576538e-02
2.062866650521755219e-02
2.005732618272304535e-02
1.896402426064014435e-02
1.948987133800983429e-02
1.962031610310077667e-02
1.927796937525272369e-02
1.958026923239231110e-02
1.875854097306728363e-02
1.926570385694503784e-02
1.899900101125240326e-02
1.800269261002540588e-02
1.868604123592376709e-02
1.684152893722057343e-02
1.800925098359584808e-02
1.733277365565299988e-02
1.691018976271152496e-02
1.560534723103046417e-02
1.590377092361450195e-02
1.670533604919910431e-02
1.773720234632492065e-02
1.716374605894088745e-02
1.621075905859470367e-02
1.795362494885921478e-02
1.641087792813777924e-02
1.787917688488960266e-02
1.825014874339103699e-02
1.769005879759788513e-02
1.720136962831020355e-02
1.785583980381488800e-02
1.700284145772457123e-02
1.597404666244983673e-02
1.704594492912292480e-02
1.755016297101974487e-02
1.743146218359470367e-02
1.638526841998100281e-02
1.706005074083805084e-02
1.694486662745475769e-02
1.586392335593700409e-02
1.600634306669235229e-02
1.693900302052497864e-02
1.743158325552940369e-02
1.694920659065246582e-02
1.644099131226539612e-02
1.626092568039894104e-02
1.610243134200572968e-02
1.549572125077247620e-02
1.617708615958690643e-02
1.762051321566104889e-02
1.587840728461742401e-02
1.565548777580261230e-02
1.521484088152647018e-02
1.473461836576461792e-02
1.568822376430034637e-02
1.528082508593797684e-02
1.508815586566925049e-02
1.374701503664255142e-02
1.505663804709911346e-02
1.438744366168975830e-02
1.453495584428310394e-02
1.476006675511598587e-02
1.577993109822273254e-02
1.521726138889789581e-02
1.532234810292720795e-02
1.583591476082801819e-02
1.512655802071094513e-02
1.402053795754909515e-02
1.391489896923303604e-02
1.520869415253400803e-02
1.493039075285196304e-02
1.402485370635986328e-02
1.411376055330038071e-02
1.464754901826381683e-02
1.461307518184185028e-02
1.428491529077291489e-02
1.382532995194196701e-02
1.356670726090669632e-02
1.362413261085748672e-02
1.407257467508316040e-02
1.340389903634786606e-02
1.299438625574111938e-02
1.324557699263095856e-02
1.262236665934324265e-02
1.268928498029708862e-02
1.350895781069993973e-02
1.236707810312509537e-02
1.308399997651576996e-02
1.268247701227664948e-02
1.251054462045431137e-02
1.230241358280181885e-02
1.271391008049249649e-02
1.210440509021282196e-02
1.243147533386945724e-02
1.298427395522594452e-02
1.224726717919111252e-02
1.211500167846679688e-02
1.163974590599536896e-02
1.182587537914514542e-02
1.109721884131431580e-02
1.123945880681276321e-02
1.210261881351470947e-02
1.148170139640569687e-02
1.140069775283336639e-02
1.170857436954975128e-02
1.150764524936676025e-02
1.156248245388269424e-02
1.132469344884157181e-02
1.219253148883581161e-02
1.145644485950469971e-02
1.041445508599281311e-02
1.097818743437528610e-02
1.158029865473508835e-02
1.108351536095142365e-02
1.075420342385768890e-02
1.085317041724920273e-02
1.125881168991327286e-02
1.040426734834909439e-02
1.030901540070772171e-02
1.011545211076736450e-02
1.027085259556770325e-02
9.919041767716407776e-03
1.039979141205549240e-02
1.079659815877676010e-02
9.882356971502304077e-03
9.819088503718376160e-03
9.516121819615364075e-03
1.009637396782636642e-02
1.037062518298625946e-02
9.649704210460186005e-03
1.076026353985071182e-02
9.806554764509201050e-03
1.007164642214775085e-02
9.864408522844314575e-03
1.012189034372568130e-02
9.817317128181457520e-03
1.062011159956455231e-02
1.011824607849121094e-02
9.375885128974914551e-03
9.338187985122203827e-03
9.814484044909477234e-03
9.334413334727287292e-03
9.219851344823837280e-03
9.117388166487216949e-03
8.963158354163169861e-03
1.045257691293954849e-02
9.184867143630981445e-03
9.252289310097694397e-03
9.477466344833374023e-03
9.175192564725875854e-03
9.139455854892730713e-03
9.242303669452667236e-03
9.055088274180889130e-03
9.675042703747749329e-03
9.138178080320358276e-03
9.133465588092803955e-03
8.852221071720123291e-03
8.837354369461536407e-03
9.022796526551246643e-03
8.569468744099140167e-03
8.391347713768482208e-03
8.502231910824775696e-03
8.615396916866302490e-03
8.796153590083122253e-03
7.800008170306682587e-03
8.498791605234146118e-03
8.034258149564266205e-03
8.526788093149662018e-03
8.314815349876880646e-03
7.701938040554523468e-03
8.595921099185943604e-03
8.636623620986938477e-03
8.278120309114456177e-03
8.698200806975364685e-03
8.292665705084800720e-03
8.108150213956832886e-03
7.678045891225337982e-03
8.225422352552413940e-03
7.659523747861385345e-03
7.637857925146818161e-03
7.950438186526298523e-03
8.234077133238315582e-03
7.833309471607208252e-03
7.573755457997322083e-03
7.666861172765493393e-03
7.842672988772392273e-03
7.711889687925577164e-03
8.202712982892990112e-03
7.871004752814769745e-03
7.857603952288627625e-03
7.184030953794717789e-03
6.888804491609334946e-03
6.990218069404363632e-03
6.995809730142354965e-03
7.665003184229135513e-03
6.919548381119966507e-03
7.111434824764728546e-03
6.814124062657356262e-03
6.795644760131835938e-03
6.770760752260684967e-03
6.788385100662708282e-03
6.535309366881847382e-03
6.590479053556919098e-03
7.416911888867616653e-03
6.732057314366102219e-03
6.734921596944332123e-03
6.705299485474824905e-03
7.202878594398498535e-03
6.635892670601606369e-03
6.907199509441852570e-03
6.312056444585323334e-03
6.388279609382152557e-03
5.962767172604799271e-03
6.883843801915645599e-03
6.101715844124555588e-03
5.870834458619356155e-03
6.369190290570259094e-03
6.360738538205623627e-03
6.654382683336734772e-03
6.497215479612350464e-03
6.384911015629768372e-03
5.740005522966384888e-03
6.313140038400888443e-03
5.910706706345081329e-03
5.828414112329483032e-03
5.826079286634922028e-03
6.080070510506629944e-03
5.802783649414777756e-03
5.649535916745662689e-03
6.499107927083969116e-03
6.128658074885606766e-03
5.989157594740390778e-03
5.584201309829950333e-03
6.039426662027835846e-03
5.557854194194078445e-03
5.956733599305152893e-03
6.305069196969270706e-03
6.039755884557962418e-03
5.624596495181322098e-03
5.434946157038211823e-03
5.657871253788471222e-03
5.194328725337982178e-03
5.297203082591295242e-03
5.350482184439897537e-03
5.474902689456939697e-03
4.544697236269712448e-03
5.494890268892049789e-03
3.789269831031560898e-03
4.231406841427087784e-03
3.636483568698167801e-03
3.415916813537478447e-03
4.444775171577930450e-03
3.962164744734764099e-03
3.600870026275515556e-03
3.788238391280174255e-03
3.060978837311267853e-03
3.611074062064290047e-03
3.613927867263555527e-03
3.458720631897449493e-03
4.029598552733659744e-03
3.742844797670841217e-03
4.028117284178733826e-03
3.270304296165704727e-03
3.179388120770454407e-03
3.212375100702047348e-03
2.948852954432368279e-03
3.257391043007373810e-03
3.063987242057919502e-03
3.162919310852885246e-03
3.383291419595479965e-03
2.982694655656814575e-03
3.261927049607038498e-03
2.774371998384594917e-03
3.088046098127961159e-03
3.140585031360387802e-03
3.179842606186866760e-03
3.247561864554882050e-03
3.080152673646807671e-03
3.110353369265794754e-03
3.537916811183094978e-03
2.803844865411520004e-03
2.538528293371200562e-03
2.878224477171897888e-03
2.592650474980473518e-03
2.744964323937892914e-03
2.785779535770416260e-03
2.832898870110511780e-03
3.075231565162539482e-03
2.533915918320417404e-03
3.011829452589154243e-03
3.160666907206177711e-03
2.542432164773344994e-03
3.176840255036950111e-03
2.826744457706809044e-03
2.766184741631150246e-03
2.870818600058555603e-03
2.817539731040596962e-03
2.810045611113309860e-03
2.691934583708643913e-03
2.169580897316336632e-03
2.083868021145462990e-03
2.339856699109077454e-03
2.206453820690512657e-03
1.912566949613392353e-03
2.361420076340436935e-03
2.202230971306562424e-03
2.037634840235114098e-03
2.106314990669488907e-03
2.323978813365101814e-03
1.921273535117506981e-03
1.955329906195402145e-03
1.978077460080385208e-03
2.215391723439097404e-03
1.688127638772130013e-03
2.003260888159275055e-03
1.779378391802310944e-03
1.752637443132698536e-03
2.016064710915088654e-03
2.090153750032186508e-03
1.747363363392651081e-03
1.756755635142326355e-03
1.808276167139410973e-03
1.678010448813438416e-03
1.637375913560390472e-03
1.818585209548473358e-03
1.875650254078209400e-03
1.744700944982469082e-03
1.431989483535289764e-03
1.531761023215949535e-03
1.570047694258391857e-03
1.515306648798286915e-03
1.899024820886552334e-03
1.715527032501995564e-03
1.594676752574741840e-03
1.618381822481751442e-03
1.617342233657836914e-03
1.530172186903655529e-03
1.397394808009266853e-03
1.721656299196183681e-03
1.408188370987772942e-03
1.530048903077840805e-03
1.435015466995537281e-03
1.220515929162502289e-03
1.202115206979215145e-03
1.044585718773305416e-03
1.107819261960685253e-03
1.048841746523976326e-03
1.012780470773577690e-03
1.015826128423213959e-03
1.053132931701838970e-03
9.980769827961921692e-04
9.944243356585502625e-04
1.064131967723369598e-03
1.018996932543814182e-03
8.813773747533559799e-04
8.554910891689360142e-04
8.537268731743097305e-04
8.238742593675851822e-04
8.380622020922601223e-04
8.158499840646982193e-04
8.330291020683944225e-04
8.194695110432803631e-04
8.119583944790065289e-04
8.253736305050551891e-04
7.892887806519865990e-04
7.960830116644501686e-04
7.916222675703465939e-04
7.536077755503356457e-04
7.719705463387072086e-04
7.739273132756352425e-04
7.575916824862360954e-04
7.668980397284030914e-04
7.261895225383341312e-04
7.513838936574757099e-04
7.518554921261966228e-04
7.430852856487035751e-04
7.033172296360135078e-04
6.981436163187026978e-04
6.871928926557302475e-04
7.068894337862730026e-04
7.005811785347759724e-04
7.074673194438219070e-04
6.659449427388608456e-04
6.749601452611386776e-04
7.068499689921736717e-04
6.780514959245920181e-04
7.030465640127658844e-04
7.304372265934944153e-04
6.703521939925849438e-04
6.820440175943076611e-04
6.750526372343301773e-04
6.989613175392150879e-04
6.849032361060380936e-04
6.907856441102921963e-04
6.701090605929493904e-04
6.718102958984673023e-04
6.491744425147771835e-04
6.631586584262549877e-04
6.546283839270472527e-04
6.363883730955421925e-04
6.505528581328690052e-04
6.700041121803224087e-04
6.423183949664235115e-04
6.492564571090042591e-04
6.531472317874431610e-04
6.505298661068081856e-04
6.632921285927295685e-04
6.402132567018270493e-04
6.394010270014405251e-04
6.331374170258641243e-04
6.280305096879601479e-04
6.210700375959277153e-04
6.435114191845059395e-04
6.056015263311564922e-04
6.184541853144764900e-04
6.042486638762056828e-04
6.201532087288796902e-04
6.331533659249544144e-04
6.105573265813291073e-04
5.934869986958801746e-04
6.208623526617884636e-04
5.895867361687123775e-04
6.037633283995091915e-04
6.071724928915500641e-04
5.915641086176037788e-04
6.063192849978804588e-04
6.056845886632800102e-04
5.930602201260626316e-04
5.895904032513499260e-04
5.895171780139207840e-04
5.950329359620809555e-04
5.861062090843915939e-04
5.674720741808414459e-04
5.716152954846620560e-04
5.774085293523967266e-04
5.740235210396349430e-04
5.947407335042953491e-04
5.844431580044329166e-04
5.624036421068012714e-04
5.769162089563906193e-04
5.631098756566643715e-04
5.450196913443505764e-04
5.758875631727278233e-04
6.054396508261561394e-04
5.810359725728631020e-04
5.698719178326427937e-04
5.942376446910202503e-04
5.653893458656966686e-04
5.701694753952324390e-04
5.827788263559341431e-04
5.699552129954099655e-04
5.630531813949346542e-04
6.048678769730031490e-04
5.415688501670956612e-04
5.613651010207831860e-04
5.833513569086790085e-04
5.761610809713602066e-04
5.570665816776454449e-04
5.791378789581358433e-04
5.752366851083934307e-04
5.760893691331148148e-04
5.661649047397077084e-04
5.773536977358162403e-04
5.733655416406691074e-04
5.641111056320369244e-04
5.511828348971903324e-04
5.405325209721922874e-04
5.635913112200796604e-04
5.563590675592422485e-04
5.781488143838942051e-04
5.383345996960997581e-04
5.552834481932222843e-04
5.535479867830872536e-04
5.386139382608234882e-04
5.706506781280040741e-04
5.380840739235281944e-04
5.577799165621399879e-04
5.714627332054078579e-04
5.552698858082294464e-04
5.425408016890287399e-04
5.503499996848404408e-04
5.565860192291438580e-04
5.588514613918960094e-04
5.349207203835248947e-04
5.542434519156813622e-04
5.500660045072436333e-04
5.587401101365685463e-04
5.496121593751013279e-04
5.529443733394145966e-04
5.259522004052996635e-04
5.328920087777078152e-04
5.431198514997959137e-04
5.680352333001792431e-04
5.282957572489976883e-04
5.469933967106044292e-04
5.488816532306373119e-04
5.267346859909594059e-04
5.664760246872901917e-04
5.584584432654082775e-04
5.673934356309473515e-04
5.502510466612875462e-04
5.782212247140705585e-04
5.490702460519969463e-04
5.500199040398001671e-04
5.249688983894884586e-04
5.660914466716349125e-04
5.501713021658360958e-04
5.336983012966811657e-04
5.605018232017755508e-04
5.386485136114060879e-04
5.620876327157020569e-04
5.408594734035432339e-04
5.598972784355282784e-04
5.466606817208230495e-04
5.464505520649254322e-04
5.586360348388552666e-04
5.542990984395146370e-04
5.692218546755611897e-04
5.623367032967507839e-04
5.721529014408588409e-04
5.569326458498835564e-04
5.791219300590455532e-04
5.590796354226768017e-04
5.816790508106350899e-04
5.528074107132852077e-04
5.595317925326526165e-04
5.651443498209118843e-04
5.750695709139108658e-04
5.723726353608071804e-04
5.721914931200444698e-04
5.738491890951991081e-04
5.832434399053454399e-04
5.618746508844196796e-04
5.732796271331608295e-04
5.706020747311413288e-04
5.754855228587985039e-04
5.548296030610799789e-04
5.751358112320303917e-04
5.611407104879617691e-04
5.939259426668286324e-04
5.859421216882765293e-04
5.815008189529180527e-04
5.841135280206799507e-04
5.922689451836049557e-04
5.845348932780325413e-04
5.874929483979940414e-04
5.697292508557438850e-04
5.854344344697892666e-04
5.649061058647930622e-04
5.837089847773313522e-04
5.799205391667783260e-04
5.985062452964484692e-04
5.880050011910498142e-04
5.818363861180841923e-04
5.760300555266439915e-04
5.701281479559838772e-04
5.769960698671638966e-04
5.822528619319200516e-04
5.786462570540606976e-04
6.137965829111635685e-04
5.796899786219000816e-04
5.647943471558392048e-04
5.668539088219404221e-04
5.824049003422260284e-04
6.004800088703632355e-04
5.916857626289129257e-04
5.806782282888889313e-04
5.862914258614182472e-04
6.050925585441291332e-04
5.922747659496963024e-04
5.929373437538743019e-04
5.995857645757496357e-04
5.768563132733106613e-04
6.171715212985873222e-04
5.734903970733284950e-04
5.770552088506519794e-04
5.971661885268986225e-04
5.888005252927541733e-04
5.888568121008574963e-04
5.783060914836823940e-04
5.946755409240722656e-04
6.088286754675209522e-04
6.220862269401550293e-04
5.915254005230963230e-04
6.069696974009275436e-04
5.888055311515927315e-04
6.049388903193175793e-04
6.059737061150372028e-04
5.969706689938902855e-04
6.072024116292595863e-04
6.114440038800239563e-04
5.938481190241873264e-04
6.094244890846312046e-04
6.090167444199323654e-04
6.065979832783341408e-04
5.966321332380175591e-04
5.895601352676749229e-04
5.865658749826252460e-04
5.918024689890444279e-04
5.854531191289424896e-04
5.943318828940391541e-04
6.001796573400497437e-04
5.951347411610186100e-04
5.911250482313334942e-04
5.852509057149291039e-04
5.861591198481619358e-04
5.711581907235085964e-04
5.711915437132120132e-04
5.572417867369949818e-04
5.664199125021696091e-04
5.671414546668529510e-04
5.544694140553474426e-04
5.559093551710247993e-04
5.513965152204036713e-04
5.554979434236884117e-04
5.604652105830609798e-04
5.628188373520970345e-04
5.561556317843496799e-04
5.518977995961904526e-04
5.470060277730226517e-04
5.552195361815392971e-04
5.577213014476001263e-04
5.534734809771180153e-04
5.487813614308834076e-04
5.538081168197095394e-04
5.485370638780295849e-04
5.446541472338140011e-04
5.469591123983263969e-04
5.357444752007722855e-04
5.443121190182864666e-04
5.319127812981605530e-04
5.310920532792806625e-04
5.320403724908828735e-04
5.206724163144826889e-04
5.256462027318775654e-04
5.302843055687844753e-04
5.153909442014992237e-04
5.212393007241189480e-04
5.161673761904239655e-04
5.253583076409995556e-04
5.017289076931774616e-04
5.074521177448332310e-04
5.142675363458693027e-04
5.123479641042649746e-04
5.077809328213334084e-04
5.088004982098937035e-04
5.161741864867508411e-04
5.122891743667423725e-04
5.164584727026522160e-04
5.072769708931446075e-04
5.141261499375104904e-04
4.969409201294183731e-04
5.061984993517398834e-04
5.015283823013305664e-04
4.995404160581529140e-04
5.047870799899101257e-04
5.124604795128107071e-04
5.029279855079948902e-04
5.034530768170952797e-04
5.134333041496574879e-04
5.062955897301435471e-04
5.046069854870438576e-04
5.000703386031091213e-04
5.045344005338847637e-04
4.978664801456034184e-04
5.058670067228376865e-04
4.980536177754402161e-04
5.016745417378842831e-04
4.951797891408205032e-04
4.915574099868535995e-04
4.987037973478436470e-04
4.899164196103811264e-04
4.901131615042686462e-04
5.033039487898349762e-04
4.962352104485034943e-04
4.911794094368815422e-04
4.929971182718873024e-04
4.993524635210633278e-04
5.112781655043363571e-04
4.919641069136559963e-04
5.012074834667146206e-04
4.965208354406058788e-04
4.945280379615724087e-04
4.954774049110710621e-04
4.961533122695982456e-04
4.910005372948944569e-04
4.914654418826103210e-04
4.940252983942627907e-04
5.027073784731328487e-04
5.042459815740585327e-04
4.961476661264896393e-04
5.014797789044678211e-04
4.961632075719535351e-04
4.878339823335409164e-04
4.922911175526678562e-04
4.849447577726095915e-04
4.954996984452009201e-04
4.945598193444311619e-04
4.955381155014038086e-04
4.785544588230550289e-04
4.999991506338119507e-04
4.814453131984919310e-04
4.957803757861256599e-04
4.948190762661397457e-04
4.835653235204517841e-04
4.957122146151959896e-04
4.894562298431992531e-04
5.023453850299119949e-04
4.915082245133817196e-04
4.932567244395613670e-04
4.890957497991621494e-04
4.907145630568265915e-04
4.990903544239699841e-04
4.918084596283733845e-04
4.956342745572328568e-04
4.977714852429926395e-04
4.952736780978739262e-04
4.969305591657757759e-04
4.957588389515876770e-04
4.943889798596501350e-04
4.979289369657635689e-04
4.924985114485025406e-04
4.850388795603066683e-04
5.035505164414644241e-04
5.014748312532901764e-04
5.001525278203189373e-04
4.989803419448435307e-04
4.906090325675904751e-04
4.911340074613690376e-04
4.948362475261092186e-04
4.975271876901388168e-04
5.002525867894291878e-04
5.063355201855301857e-04
4.993214970454573631e-04
4.970410955138504505e-04
5.064859287813305855e-04
5.075562512502074242e-04
5.052319611422717571e-04
5.125179304741322994e-04
5.127024487592279911e-04
5.157859413884580135e-04
5.218088626861572266e-04
5.179543513804674149e-04
5.263754283078014851e-04
5.126065225340425968e-04
5.093084764666855335e-04
5.102865980006754398e-04
5.195516278035938740e-04
5.254650022834539413e-04
5.229121888987720013e-04
5.170694785192608833e-04
5.246610962785780430e-04
5.248552770353853703e-04
5.236409488134086132e-04
5.313710425980389118e-04
5.319325136952102184e-04
5.280175246298313141e-04
5.298806354403495789e-04
5.279060569591820240e-04
5.415001069195568562e-04
5.398094072006642818e-04
5.472727352753281593e-04
5.458887899294495583e-04
5.519305705092847347e-04
5.447741714306175709e-04
5.552134243771433830e-04
5.539935664273798466e-04
5.560308927670121193e-04
5.621684831567108631e-04
5.479388637468218803e-04
5.522845312952995300e-04
5.598993157036602497e-04
5.706932279281318188e-04
5.643402109853923321e-04
5.784888053312897682e-04
5.747107206843793392e-04
5.734268343076109886e-04
5.835905321873724461e-04
5.766700487583875656e-04
5.728481919504702091e-04
5.862220423296093941e-04
