0.000000000000000000e+00
0.000000000000000000e+00
2.747524023056030273e+00
1.045389652252197266e+00
9.171948432922363281e-01
1.376308441162109375e+00
1.298526167869567871e+00
9.592260718345642090e-01
6.557343602180480957e-01
6.738061904907226562e-01
9.079122543334960938e-01
8.640978932380676270e-01
9.656411409378051758e-01
9.414573907852172852e-01
9.915255308151245117e-01
9.773933291435241699e-01
9.653359055519104004e-01
9.237764477729797363e-01
8.419050574302673340e-01
7.099837064743041992e-01
4.343289732933044434e-01
3.533878922462463379e-01
3.149043917655944824e-01
2.797327339649200439e-01
2.224676012992858887e-01
2.072570174932479858e-01
2.035148292779922485e-01
1.823993623256683350e-01
1.772130429744720459e-01
1.590548604726791382e-01
1.614392101764678955e-01
1.606818288564682007e-01
1.481558829545974731e-01
1.472204178571701050e-01
1.526614874601364136e-01
1.478052586317062378e-01
1.490356177091598511e-01
1.539903283119201660e-01
1.622795015573501587e-01
1.613024175167083740e-01
1.540206372737884521e-01
1.631138175725936890e-01
1.559690088033676147e-01
1.550215929746627808e-01
1.357237845659255981e-01
1.441495716571807861e-01
1.391826122999191284e-01
1.379066109657287598e-01
1.415702849626541138e-01
1.377249509096145630e-01
1.393382549285888672e-01
1.318497657775878906e-01
1.290677785873413086e-01
1.269444972276687622e-01
1.167599037289619446e-01
1.200386509299278259e-01
1.211290434002876282e-01
1.232262328267097473e-01
1.288588643074035645e-01
1.250491887331008911e-01
1.303216516971588135e-01
1.353395730257034302e-01
1.337514370679855347e-01
1.423039436340332031e-01
1.531072407960891724e-01
1.539193689823150635e-01
1.643090099096298218e-01
1.624882221221923828e-01
1.771721243858337402e-01
1.736858636140823364e-01
1.857993155717849731e-01
1.785656809806823730e-01
1.831509470939636230e-01
2.076705396175384521e-01
2.004556953907012939e-01
2.189469486474990845e-01
1.951320469379425049e-01
1.911862194538116455e-01
1.818636208772659302e-01
1.787218004465103149e-01
1.787833422422409058e-01
1.843947172164916992e-01
1.715375930070877075e-01
1.656514704227447510e-01
1.682965308427810669e-01
1.716300696134567261e-01
1.637189984321594238e-01
1.612872779369354248e-01
1.585970669984817505e-01
1.517931669950485229e-01
1.494302004575729370e-01
1.572881788015365601e-01
1.533043980598449707e-01
1.462144106626510620e-01
1.459303647279739380e-01
1.341883987188339233e-01
1.433260738849639893e-01
1.330804079771041870e-01
1.322504281997680664e-01
1.292147189378738403e-01
1.324859559535980225e-01
1.264974921941757202e-01
1.260353475809097290e-01
1.231502071022987366e-01
1.149666383862495422e-01
1.145659312605857849e-01
1.129426136612892151e-01
1.110665798187255859e-01
1.101406589150428772e-01
1.115174591541290283e-01
1.040552854537963867e-01
9.931579232215881348e-02
9.695206582546234131e-02
9.315806627273559570e-02
9.564084559679031372e-02
9.506223350763320923e-02
9.313331544399261475e-02
9.319462627172470093e-02
9.288228303194046021e-02
8.893205970525741577e-02
8.353003114461898804e-02
7.972807437181472778e-02
7.811410725116729736e-02
7.344840466976165771e-02
7.021513581275939941e-02
7.113258540630340576e-02
6.734012067317962646e-02
6.881098449230194092e-02
6.942491978406906128e-02
6.856422126293182373e-02
6.635163724422454834e-02
6.360583752393722534e-02
6.537157297134399414e-02
6.196729093790054321e-02
5.915031954646110535e-02
5.678703263401985168e-02
5.641439184546470642e-02
5.434303730726242065e-02
5.189206451177597046e-02
5.056147649884223938e-02
5.053362995386123657e-02
4.697527363896369934e-02
4.678842052817344666e-02
4.443547874689102173e-02
4.321452975273132324e-02
4.190772771835327148e-02
4.064714163541793823e-02
4.077019169926643372e-02
4.147878289222717285e-02
3.950937092304229736e-02
3.691403195261955261e-02
3.719045221805572510e-02
3.700546920299530029e-02
3.422578796744346619e-02
3.300879150629043579e-02
3.355207666754722595e-02
3.316398710012435913e-02
3.147415816783905029e-02
3.084865212440490723e-02
2.980896458029747009e-02
2.866556309163570404e-02
2.838535048067569733e-02
2.812296338379383087e-02
2.647791989147663116e-02
2.616978064179420471e-02
2.772021293640136719e-02
2.581709623336791992e-02
2.436456270515918732e-02
2.661782130599021912e-02
2.515115030109882355e-02
2.511555701494216919e-02
2.479870058596134186e-02
2.436632849276065826e-02
2.320358343422412872e-02
2.353576198220252991e-02
2.343769185245037079e-02
2.388788945972919464e-02
2.413188479840755463e-02
2.388879470527172089e-02
2.312976121902465820e-02
2.260127663612365723e-02
2.254940941929817200e-02
2.339205518364906311e-02
2.306841313838958740e-02
2.261620014905929565e-02
2.221903577446937561e-02
2.149826847016811371e-02
2.067074179649353027e-02
2.161999046802520752e-02
2.199492231011390686e-02
2.035082131624221802e-02
2.073417045176029205e-02
2.057943865656852722e-02
2.087841741740703583e-02
1.983057335019111633e-02
1.956675760447978973e-02
1.929851993918418884e-02
1.913427747786045074e-02
1.867599971592426300e-02
1.842006295919418335e-02
1.841735467314720154e-02
1.862419210374355316e-02
1.803808100521564484e-02
1.861254125833511353e-02
1.845515891909599304e-02
1.895144209265708923e-02
1.781954988837242126e-02
1.786634512245655060e-02
1.824770681560039520e-02
1.700351014733314514e-02
1.749140955507755280e-02
1.706883683800697327e-02
1.696664094924926758e-02
1.702064648270606995e-02
1.704934239387512207e-02
1.558296568691730499e-02
1.614952087402343750e-02
1.577582769095897675e-02
1.592917926609516144e-02
1.530794613063335419e-02
1.591794379055500031e-02
1.518933847546577454e-02
1.563933305442333221e-02
1.488348282873630524e-02
1.512343063950538635e-02
1.524368114769458771e-02
1.457112655043601990e-02
1.495428569614887238e-02
1.394789014011621475e-02
1.387094706296920776e-02
1.344264019280672073e-02
1.397142559289932251e-02
1.368441991508007050e-02
1.324432343244552612e-02
1.270040962845087051e-02
1.297456584870815277e-02
1.285587344318628311e-02
1.349439378827810287e-02
1.297695189714431763e-02
1.288684178143739700e-02
1.317297294735908508e-02
1.255395449697971344e-02
1.257718447595834732e-02
1.205157302320003510e-02
1.290044002234935760e-02
1.219716295599937439e-02
1.200827211141586304e-02
1.224743295460939407e-02
1.222244836390018463e-02
1.208742335438728333e-02
1.237474288791418076e-02
1.263791229575872421e-02
1.249062549322843552e-02
1.218326389789581299e-02
1.254680939018726349e-02
1.252534985542297363e-02
1.154556684195995331e-02
1.213445421308279037e-02
1.174533553421497345e-02
1.198481582105159760e-02
1.120787207037210464e-02
1.152605097740888596e-02
1.140378601849079132e-02
1.078778412193059921e-02
1.138868462294340134e-02
1.102485693991184235e-02
1.075990777462720871e-02
1.071197353303432465e-02
1.126689743250608444e-02
1.080624945461750031e-02
1.104873698204755783e-02
1.107286196202039719e-02
1.102818734943866730e-02
1.043320260941982269e-02
1.081862207502126694e-02
1.035239826887845993e-02
1.016828697174787521e-02
1.053042151033878326e-02
1.031427457928657532e-02
1.085993740707635880e-02
1.028678100556135178e-02
1.088693551719188690e-02
1.038686744868755341e-02
1.018753275275230408e-02
1.021288428455591202e-02
1.059592608362436295e-02
1.044128742069005966e-02
1.035965606570243835e-02
1.010049507021903992e-02
1.013249251991510391e-02
1.045386772602796555e-02
9.799484163522720337e-03
9.920012205839157104e-03
9.924831800162792206e-03
9.887373074889183044e-03
9.883802384138107300e-03
1.004413142800331116e-02
9.944768622517585754e-03
9.524738416075706482e-03
9.117448702454566956e-03
9.780195541679859161e-03
9.386836551129817963e-03
9.303628467023372650e-03
9.193673729896545410e-03
9.366304613649845123e-03
9.341265074908733368e-03
8.656480349600315094e-03
9.180963970720767975e-03
9.143641218543052673e-03
9.023910388350486755e-03
9.394035674631595612e-03
9.326654486358165741e-03
9.461971931159496307e-03
8.553965017199516296e-03
9.102501906454563141e-03
8.681219071149826050e-03
8.633360266685485840e-03
8.376286365091800690e-03
8.359258994460105896e-03
8.324970491230487823e-03
8.161806501448154449e-03
8.517174981534481049e-03
8.362395688891410828e-03
8.482862263917922974e-03
8.706092834472656250e-03
8.400003425776958466e-03
7.813540287315845490e-03
7.832343690097332001e-03
8.119779638946056366e-03
7.960162125527858734e-03
7.663198746740818024e-03
7.479586638510227203e-03
7.454852107912302017e-03
7.626565638929605484e-03
7.279179524630308151e-03
7.416388019919395447e-03
6.998408120125532150e-03
7.307739928364753723e-03
7.455762941390275955e-03
7.623615209013223648e-03
7.318882271647453308e-03
7.876080460846424103e-03
7.027436979115009308e-03
7.057066075503826141e-03
6.737560965120792389e-03
7.263956125825643539e-03
6.890359800308942795e-03
6.760386284440755844e-03
6.838884204626083374e-03
6.626064423471689224e-03
6.693796254694461823e-03
6.729659624397754669e-03
6.622042506933212280e-03
6.987506058067083359e-03
7.092315703630447388e-03
6.422555539757013321e-03
7.564106956124305725e-03
6.350495852530002594e-03
6.459368858486413956e-03
6.279345136135816574e-03
5.930379033088684082e-03
5.886939819902181625e-03
5.748708732426166534e-03
6.017213221639394760e-03
6.027557421475648880e-03
5.836767610162496567e-03
5.627812352031469345e-03
5.627948790788650513e-03
5.869714077562093735e-03
5.942290648818016052e-03
5.674901884049177170e-03
5.907572805881500244e-03
5.901481956243515015e-03
5.620174575597047806e-03
5.808341782540082932e-03
5.526429042220115662e-03
5.358636379241943359e-03
5.355716682970523834e-03
5.240568425506353378e-03
5.358511116355657578e-03
5.439127795398235321e-03
5.175543017685413361e-03
5.485557019710540771e-03
5.959835369139909744e-03
5.474867764860391617e-03
5.649508442729711533e-03
5.087287165224552155e-03
5.173137877136468887e-03
5.005347542464733124e-03
5.104770883917808533e-03
5.056531634181737900e-03
4.924857523292303085e-03
5.159014370292425156e-03
5.127193406224250793e-03
4.901059903204441071e-03
4.926425870507955551e-03
4.938577767461538315e-03
5.127462558448314667e-03
4.741502925753593445e-03
4.949273075908422470e-03
5.151523742824792862e-03
4.930175375193357468e-03
4.957455210387706757e-03
4.783558659255504608e-03
4.852150101214647293e-03
5.055053625255823135e-03
5.062441807240247726e-03
4.427768290042877197e-03
4.897704813629388809e-03
4.890497308224439621e-03
4.649880342185497284e-03
4.858131986111402512e-03
4.669811110943555832e-03
4.505606833845376968e-03
4.670599475502967834e-03
4.337622318416833878e-03
3.862953744828701019e-03
3.994325641542673111e-03
3.973211627453565598e-03
4.015697631984949112e-03
3.741069696843624115e-03
3.488787217065691948e-03
3.369089215993881226e-03
3.134225495159626007e-03
2.681968733668327332e-03
2.540796296671032906e-03
2.722197445109486580e-03
2.548905555158853531e-03
2.061055274680256844e-03
2.331960713490843773e-03
2.038386417552828789e-03
2.051745075732469559e-03
2.082145307213068008e-03
1.966642448678612709e-03
2.070098184049129486e-03
1.939778449013829231e-03
1.834200345911085606e-03
1.813955837860703468e-03
1.732245436869561672e-03
1.720300409942865372e-03
1.927953679114580154e-03
1.756126061081886292e-03
1.850965549238026142e-03
1.665252260863780975e-03
1.820252859033644199e-03
1.853021793067455292e-03
1.619161106646060944e-03
1.737402868457138538e-03
2.371217356994748116e-03
2.270748605951666832e-03
2.139931777492165565e-03
1.968635013327002525e-03
1.845588558353483677e-03
1.846316619776189327e-03
1.741986605338752270e-03
1.908044330775737762e-03
2.020540647208690643e-03
1.788999070413410664e-03
2.321008592844009399e-03
1.965572824701666832e-03
1.804612926207482815e-03
1.963191432878375053e-03
1.972099533304572105e-03
1.933880033902823925e-03
2.570058684796094894e-03
2.385538537055253983e-03
2.034001285210251808e-03
2.475710352882742882e-03
1.801877981051802635e-03
1.905342680402100086e-03
2.075550612062215805e-03
1.723477616906166077e-03
1.957828411832451820e-03
1.736383419483900070e-03
2.082653576508164406e-03
1.774483942426741123e-03
2.080234000459313393e-03
1.826702617108821869e-03
1.776318531483411789e-03
1.948464079760015011e-03
1.757025253027677536e-03
2.512018429115414619e-03
1.769644208252429962e-03
2.158469753339886665e-03
2.106285654008388519e-03
2.477901522070169449e-03
1.919601927511394024e-03
1.918461988680064678e-03
1.568606123328208923e-03
2.218944951891899109e-03
1.674350234679877758e-03
1.761115738190710545e-03
2.287077018991112709e-03
2.263793954625725746e-03
1.948590390384197235e-03
2.418298739939928055e-03
1.579446368850767612e-03
2.234704559668898582e-03
1.806184300221502781e-03
2.410998335108160973e-03
2.080797217786312103e-03
2.093704650178551674e-03
2.278900938108563423e-03
1.718081999570131302e-03
1.918416470289230347e-03
1.545477658510208130e-03
2.033121418207883835e-03
1.661813585087656975e-03
1.641187700442969799e-03
1.731759519316256046e-03
1.617330359295010567e-03
1.378312590532004833e-03
1.694717910140752792e-03
2.187625505030155182e-03
1.853019115515053272e-03
1.640926580876111984e-03
1.589098479598760605e-03
1.765063730999827385e-03
2.000208711251616478e-03
1.726779039017856121e-03
2.498843707144260406e-03
1.985139213502407074e-03
1.646271557547152042e-03
2.497778739780187607e-03
1.380323432385921478e-03
1.780509366653859615e-03
1.766922883689403534e-03
1.928285812027752399e-03
1.528198714368045330e-03
2.121365163475275040e-03
1.639079535380005836e-03
1.851252745836973190e-03
2.132610650733113289e-03
1.445438363589346409e-03
1.402448862791061401e-03
2.060550032183527946e-03
1.428609597496688366e-03
2.032897900789976120e-03
1.530000707134604454e-03
2.353168558329343796e-03
1.594596426002681255e-03
2.116809366270899773e-03
1.458662445656955242e-03
1.923611154779791832e-03
1.490641967393457890e-03
1.550746965222060680e-03
1.505551044829189777e-03
2.090087160468101501e-03
2.407610416412353516e-03
1.786929788067936897e-03
1.220127800479531288e-03
2.351196715608239174e-03
2.366064582020044327e-03
1.806141808629035950e-03
1.787737593986093998e-03
1.628644880838692188e-03
1.558114308863878250e-03
1.680556102655827999e-03
1.252390327863395214e-03
1.858323346823453903e-03
2.080204430967569351e-03
1.902964781038463116e-03
1.516278483904898167e-03
1.527637359686195850e-03
2.005541697144508362e-03
1.421741792000830173e-03
3.868375206366181374e-03
1.244219020009040833e-03
1.910214312374591827e-03
1.736231264658272266e-03
1.363389310427010059e-03
1.586035941727459431e-03
1.241654390469193459e-03
1.350809587165713310e-03
1.300190691836178303e-03
1.917025307193398476e-03
2.101813210174441338e-03
1.184852910228073597e-03
1.062866649590432644e-03
2.597534563392400742e-03
1.903815660625696182e-03
1.343688811175525188e-03
2.270769793540239334e-03
1.813330571167171001e-03
1.154809840954840183e-03
1.614115550182759762e-03
1.189172151498496532e-03
1.173857715912163258e-03
1.789142610505223274e-03
1.608401304110884666e-03
1.717997947707772255e-03
1.129081472754478455e-03
2.484371652826666832e-03
1.285222591832280159e-03
1.227591536007821560e-03
1.481378334574401379e-03
2.362098777666687965e-03
1.450270647183060646e-03
1.140878070145845413e-03
2.307000104337930679e-03
1.400371082127094269e-03
2.058573300018906593e-03
1.161880209110677242e-03
1.644336502067744732e-03
1.110373646952211857e-03
2.285265363752841949e-03
1.134183490648865700e-03
1.725682406686246395e-03
1.341515453532338142e-03
1.986979739740490913e-03
1.541653415188193321e-03
1.292494009248912334e-03
1.352995866909623146e-03
1.322657917626202106e-03
1.664024312049150467e-03
1.277082250453531742e-03
2.039637183770537376e-03
1.393171027302742004e-03
1.273849513381719589e-03
1.345834112726151943e-03
1.348545774817466736e-03
1.234262483194470406e-03
1.806454616598784924e-03
1.304427743889391422e-03
1.314837369136512280e-03
1.152379554696381092e-03
1.224569277837872505e-03
2.023511799052357674e-03
1.748775714077055454e-03
1.504186308011412621e-03
1.587591134011745453e-03
1.616503344848752022e-03
2.641165861859917641e-03
1.513931783847510815e-03
2.296942286193370819e-03
2.064791740849614143e-03
1.625098870135843754e-03
1.438123174011707306e-03
1.608054270036518574e-03
1.482425257563591003e-03
2.722984645515680313e-03
1.546924817375838757e-03
1.740632578730583191e-03
1.698400126770138741e-03
2.008111914619803429e-03
1.794019131921231747e-03
2.351919654756784439e-03
2.247936325147747993e-03
1.629375736229121685e-03
2.007692120969295502e-03
2.617473714053630829e-03
1.636248431168496609e-03
1.778991427272558212e-03
1.522490172646939754e-03
1.803089282475411892e-03
2.398420358076691628e-03
1.916123437695205212e-03
1.626658602617681026e-03
2.051402814686298370e-03
1.553367474116384983e-03
3.402642905712127686e-03
2.140411874279379845e-03
1.577397575601935387e-03
2.089639194309711456e-03
2.257488900795578957e-03
1.728198491036891937e-03
1.487985951825976372e-03
1.553312526084482670e-03
1.496560056693851948e-03
1.544938306324183941e-03
1.820106408558785915e-03
2.072150353342294693e-03
1.888300641439855099e-03
1.881371485069394112e-03
1.511015230789780617e-03
1.436227816157042980e-03
1.886356156319379807e-03
1.572467735968530178e-03
1.964887371286749840e-03
1.814965391531586647e-03
1.759234350174665451e-03
2.189534250646829605e-03
1.627983176149427891e-03
1.334522268734872341e-03
1.447952119633555412e-03
1.451358664780855179e-03
1.497573219239711761e-03
1.259694341570138931e-03
1.579142990522086620e-03
1.638778252527117729e-03
1.771654351614415646e-03
1.471437863074243069e-03
1.728773815557360649e-03
1.322701456956565380e-03
1.560069737024605274e-03
1.434893812984228134e-03
2.033420139923691750e-03
1.466627116315066814e-03
1.794811687432229519e-03
1.513308146968483925e-03
1.416404615156352520e-03
1.422928995452821255e-03
1.296452945098280907e-03
1.610575942322611809e-03
1.167327864095568657e-03
1.401774934493005276e-03
1.496528624556958675e-03
1.260933931916952133e-03
1.410750905051827431e-03
1.228804816491901875e-03
2.066813409328460693e-03
1.175234559923410416e-03
1.415989943780004978e-03
1.034542219713330269e-03
1.321537070907652378e-03
2.171143423765897751e-03
1.326147117651998997e-03
1.185477245599031448e-03
1.209152746014297009e-03
1.286715967580676079e-03
1.210891176015138626e-03
1.326592173427343369e-03
1.245693652890622616e-03
1.522772712633013725e-03
1.160565181635320187e-03
1.478909398429095745e-03
1.349899219349026680e-03
1.466638059355318546e-03
1.039063674397766590e-03
1.461482024751603603e-03
1.267931307666003704e-03
1.238722237758338451e-03
1.118524465709924698e-03
1.082878792658448219e-03
1.297273207455873489e-03
1.249993452802300453e-03
1.114057027734816074e-03
1.112417667172849178e-03
1.141679240390658379e-03
1.388281583786010742e-03
1.452474854886531830e-03
1.016492606140673161e-03
1.033329870551824570e-03
1.276521012187004089e-03
1.005861558951437473e-03
1.184219610877335072e-03
1.069273799657821655e-03
1.288695493713021278e-03
1.011629588901996613e-03
1.706362236291170120e-03
1.068728161044418812e-03
1.219836762174963951e-03
1.120852306485176086e-03
9.936214191839098930e-04
1.103889197111129761e-03
1.028002006933093071e-03
9.874728275462985039e-04
9.035323164425790310e-04
9.371701744385063648e-04
9.037956479005515575e-04
9.260526858270168304e-04
9.394504595547914505e-04
9.524644701741635799e-04
1.143049681559205055e-03
9.461441077291965485e-04
8.552958024665713310e-04
9.122804622165858746e-04
1.196627388708293438e-03
1.326390774920582771e-03
8.803927921690046787e-04
8.338719489984214306e-04
8.570355712436139584e-04
1.056882087141275406e-03
1.096250955015420914e-03
8.393413736484944820e-04
8.702264749445021152e-04
9.643316152505576611e-04
8.787867263890802860e-04
7.859094766899943352e-04
1.370989135466516018e-03
9.085353231057524681e-04
7.745774928480386734e-04
1.151230302639305592e-03
7.946852711029350758e-04
8.683362975716590881e-04
9.786670561879873276e-04
8.623833418823778629e-04
8.344833622686564922e-04
8.181484881788492203e-04
7.672568899579346180e-04
7.163942791521549225e-04
6.580799818038940430e-04
7.014418952167034149e-04
6.524050259031355381e-04
6.994631257839500904e-04
7.020350894890725613e-04
8.272130507975816727e-04
7.848941022530198097e-04
8.456790237687528133e-04
6.337419035844504833e-04
6.552791455760598183e-04
6.927036447450518608e-04
7.042171782813966274e-04
6.751650362275540829e-04
6.748767336830496788e-04
6.181761273182928562e-04
7.112917955964803696e-04
7.226933375932276249e-04
6.708870059810578823e-04
7.348307990469038486e-04
6.069471128284931183e-04
6.089624366723001003e-04
6.418939447030425072e-04
6.782034761272370815e-04
6.711894529871642590e-04
7.502792868763208389e-04
6.153694703243672848e-04
1.282298355363309383e-03
1.060963608324527740e-03
1.108797034248709679e-03
1.156826270744204521e-03
7.881959318183362484e-04
1.234377152286469936e-03
1.334142056293785572e-03
7.994519546627998352e-04
1.241784309968352318e-03
1.222926890477538109e-03
9.722110698930919170e-04
1.154847908765077591e-03
1.097173197194933891e-03
8.512629428878426552e-04
1.459913095459342003e-03
1.074529369361698627e-03
9.383969590999186039e-04
9.470445802435278893e-04
1.131361350417137146e-03
1.352492137812077999e-03
1.420196495018899441e-03
1.541613135486841202e-03
8.361255167983472347e-04
1.028341474011540413e-03
1.530624576844274998e-03
1.234043738804757595e-03
1.093646627850830555e-03
1.530551700852811337e-03
1.297964830882847309e-03
1.439535291865468025e-03
1.454182434827089310e-03
1.181215979158878326e-03
2.267034491524100304e-03
1.387537806294858456e-03
8.499231189489364624e-04
1.170802745036780834e-03
1.382365939207375050e-03
1.616646535694599152e-03
9.619586635380983353e-04
1.173423253931105137e-03
1.572641078382730484e-03
1.203370164148509502e-03
1.347915851511061192e-03
1.085428055375814438e-03
1.587110804393887520e-03
1.012985245324671268e-03
1.493678777478635311e-03
1.606583362445235252e-03
1.462646760046482086e-03
9.418227709829807281e-04
9.317921940237283707e-04
1.136633101850748062e-03
1.305704936385154724e-03
9.401664719916880131e-04
9.847880573943257332e-04
1.268705353140830994e-03
1.063831849023699760e-03
1.317776506766676903e-03
1.668020617216825485e-03
8.780966745689511299e-04
1.167233916930854321e-03
8.663061307743191719e-04
1.798241166397929192e-03
9.388942271471023560e-04
8.551254868507385254e-04
1.470868242904543877e-03
8.445758721791207790e-04
1.417133840732276440e-03
8.133334922604262829e-04
8.194390684366226196e-04
1.644328702241182327e-03
8.283134666271507740e-04
7.907745894044637680e-04
1.368880970403552055e-03
8.432198665104806423e-04
7.561661186628043652e-04
7.321937009692192078e-04
7.232724456116557121e-04
2.067407825961709023e-03
8.420319645665585995e-04
9.045604383572936058e-04
6.769733154214918613e-04
1.475057448260486126e-03
9.159790351986885071e-04
1.541842124424874783e-03
8.035506471060216427e-04
3.452941309660673141e-03
1.004548161290585995e-03
8.288279641419649124e-04
1.485507935285568237e-03
8.238932932727038860e-04
2.206387929618358612e-03
6.363966502249240875e-03
4.579064436256885529e-03
5.656385328620672226e-03
2.704927697777748108e-03
2.745570382103323936e-03
3.359164344146847725e-03
2.222875133156776428e-03
2.884541405364871025e-03
2.493526088073849678e-03
3.442420391365885735e-03
2.787397010251879692e-03
2.954680472612380981e-03
2.106385305523872375e-03
2.763644559308886528e-03
1.770161441527307034e-03
3.148498013615608215e-03
1.906301360577344894e-03
3.283139783889055252e-03
1.991047756746411324e-03
1.580283977091312408e-03
1.965785864740610123e-03
3.685795469209551811e-03
3.569902619346976280e-03
2.768215257674455643e-03
1.841841498389840126e-03
2.622124738991260529e-03
2.115679671987891197e-03
2.161886310204863548e-03
2.070639980956912041e-03
1.453432021662592888e-03
2.172552980482578278e-03
1.775260432623326778e-03
2.748844679445028305e-03
1.819615368731319904e-03
2.218576380982995033e-03
1.587007078342139721e-03
1.573508721776306629e-03
1.662695198319852352e-03
2.509279409423470497e-03
2.026683185249567032e-03
1.964319497346878052e-03
1.668284763582050800e-03
1.766413799487054348e-03
1.862111850641667843e-03
2.081676851958036423e-03
1.850957516580820084e-03
2.449255669489502907e-03
2.010511001572012901e-03
1.659162924624979496e-03
1.815818017348647118e-03
1.584127196110785007e-03
1.446360372938215733e-03
2.495810622349381447e-03
2.751883585005998611e-03
2.168883336707949638e-03
1.934899366460740566e-03
1.977880718186497688e-03
2.213586354628205299e-03
1.906484481878578663e-03
2.469839295372366905e-03
2.296476857736706734e-03
1.610625768080353737e-03
1.527198008261620998e-03
2.189910504966974258e-03
2.517850836738944054e-03
2.029943047091364861e-03
2.314104232937097549e-03
1.585915801115334034e-03
1.394110964611172676e-03
1.502451137639582157e-03
2.490275306627154350e-03
2.953976392745971680e-03
2.576015423983335495e-03
2.005627844482660294e-03
2.555215964093804359e-03
2.604088280349969864e-03
3.420321969315409660e-03
2.328376518562436104e-03
2.905842382460832596e-03
2.297169761732220650e-03
2.157566137611865997e-03
2.521141897886991501e-03
2.711412962526082993e-03
1.772136078216135502e-03
1.613020780496299267e-03
1.647475990466773510e-03
1.517158001661300659e-03
1.674943487159907818e-03
1.641187467612326145e-03
2.174651250243186951e-03
2.528368495404720306e-03
