-2.652938834374643875e+02
-4.676239586096831999e+02
-1.048320629562786905e+02
-1.164828727114847595e+02
7.141363356825935682e+01
6.443711627703113720e+01
1.088200849884473200e+02
1.496781312114658817e+02
2.327240231011591334e+02
3.155727904801094041e+02
2.585057052989330373e+02
3.882056375536252517e+02
4.735255662916453616e+02
4.577810524771863356e+02
4.641780857493906183e+02
4.805402038431585652e+02
5.046146381586846701e+02
5.285290964793684907e+02
5.511740452655020590e+02
5.539045598549071201e+02
5.292899292267442206e+02
5.759627914065849836e+02
5.378638364672833632e+02
5.733304405112337463e+02
5.421205333698305822e+02
5.581638882646445836e+02
5.856955023665734643e+02
5.793812633673453547e+02
5.105922153489306652e+02
6.099555112483998300e+02
5.403394543152014649e+02
5.849661437122128973e+02
5.893132740179478333e+02
5.861173385677368515e+02
5.716008291985672258e+02
6.177213502662925748e+02
5.917735129496415993e+02
6.334556656250622382e+02
5.994804630767669096e+02
6.506395111369500910e+02
6.474975048272960976e+02
5.235333299390656521e+02
5.130650697174204424e+02
4.429814282275986557e+02
6.152897359133625059e+02
7.250575577306315154e+02
6.299402601094506053e+02
5.902133523245697688e+02
7.514718761347053260e+02
7.330941617218130659e+02
9.235014716368489189e+02
6.972385475283864480e+02
9.214025521574500317e+02
9.457572796163076418e+02
8.923583982644122443e+02
9.320923493642316089e+02
9.855607833913181821e+02
8.213627776148205157e+02
1.077091744925940475e+03
1.249966963439869460e+03
1.057084183243699044e+03
1.099654983502492541e+03
9.950720975940887456e+02
1.065707684000615700e+03
9.906789227622282397e+02
1.001723568266989105e+03
9.646575203240383871e+02
9.773680742321023445e+02
1.197879290453561680e+03
1.273610236058416831e+03
1.261462972082440501e+03
1.380818030519888907e+03
1.128788315039879762e+03
1.279393969858426317e+03
1.009933388282083570e+03
1.221416920211683191e+03
1.339023192176308385e+03
1.464705214440099326e+03
1.299435606658935285e+03
1.387085889175710236e+03
1.249062216660619470e+03
1.272673939903614155e+03
1.253542314864995660e+03
1.290302176638653009e+03
1.528628736538767498e+03
1.532074340100636164e+03
1.387324139677383528e+03
1.595669967548287786e+03
1.692037621699376132e+03
1.701844071627338735e+03
1.366429019134155169e+03
1.427195927562142288e+03
1.623689966521231327e+03
1.700651505006642765e+03
1.561728870600417167e+03
1.336807126615821744e+03
1.293855009648822943e+03
1.311144239104685994e+03
1.496513615757021853e+03
1.183142083648586095e+03
1.493222815320984637e+03
1.005919553773082953e+03
1.469210424158443175e+03
1.679946556159321744e+03
1.322409442780509835e+03
1.650805723347207049e+03
1.112361215005604663e+03
1.066457578702387764e+03
1.462835903315803534e+03
1.310921265421448197e+03
1.267352664769352032e+03
1.588571025172025202e+03
1.459930462268759129e+03
1.289624715355108947e+03
1.300079666814384154e+03
1.669436491846303397e+03
1.520806525710679580e+03
1.292758995551983844e+03
1.611622010298764508e+03
1.736930571605628302e+03
1.430785235462727996e+03
1.299453501211133243e+03
1.763243827021959532e+03
1.841717539474897876e+03
1.540826251458892784e+03
1.480275546812845732e+03
1.531022516493233752e+03
1.702228807123545721e+03
1.315637199965015952e+03
1.352841837394843878e+03
1.729511740278268235e+03
1.896374546555397046e+03
1.296496704657006148e+03
1.613505626431713608e+03
1.589529449470529016e+03
1.464243851094344564e+03
1.898507492041069099e+03
1.641243694978553776e+03
1.446336290891389126e+03
1.771991911749836390e+03
1.640720027514979620e+03
1.312220030752326693e+03
1.984394788147759073e+03
1.447037003879940585e+03
1.788699458062350004e+03
1.562086008951824169e+03
1.458374081262105165e+03
1.915815525340593013e+03
1.417850273730927938e+03
1.802171569435332231e+03
1.588486916068884284e+03
1.477242166667782385e+03
1.321799955246100581e+03
1.512186448015964288e+03
1.713915218015139089e+03
1.565569134552067680e+03
1.449146314722538136e+03
1.255379025220118820e+03
1.607535498158689961e+03
1.627152067686366081e+03
1.582253945698864527e+03
1.662885903456831102e+03
1.641789808166466855e+03
1.214862722954358333e+03
1.382996336482478000e+03
1.716896036139389707e+03
1.855553568351947888e+03
1.300626249094462992e+03
1.899575886320052859e+03
1.633523169294923264e+03
1.798303574601435685e+03
1.545903630935139290e+03
1.688275503258017807e+03
1.597261223926089315e+03
1.539854063220439230e+03
1.507983596386043928e+03
2.064114492548421822e+03
1.271907998411705421e+03
1.855469454087586882e+03
1.778144399890256409e+03
1.672953789749255520e+03
1.936886618256024576e+03
2.041970660345021770e+03
1.640688523105241984e+03
1.633543534452395079e+03
1.841379197737320737e+03
1.688288156839442308e+03
1.272759260929641187e+03
1.235226967879297263e+03
1.206302723153392890e+03
1.291244401455612660e+03
1.451932003823893410e+03
1.421603202651141601e+03
1.281037239146888396e+03
2.020066565051987254e+03
1.874127974122152636e+03
1.354111879606485218e+03
1.312578490404870308e+03
1.488954325286329095e+03
1.427705044087345641e+03
1.693312454964349399e+03
