-2.028818285634210383e+02
-2.797136158858007775e+02
-2.424108505980140649e+02
-1.480406822791276156e+01
3.939480068287505077e+01
2.083102381361944424e+02
1.792867289223863168e+02
4.159828832219209289e+02
2.973380464333977216e+02
4.437428794927234890e+02
4.689076566660449430e+02
4.872685263501522286e+02
5.218838773983861756e+02
4.688911158036095230e+02
4.293727945942488873e+02
4.673093879871526042e+02
4.555448429433579918e+02
5.260514980196178385e+02
5.393595402796823919e+02
5.571251003858981221e+02
5.686319006188282401e+02
5.931398310225746400e+02
6.097263116920860284e+02
5.731695724485635992e+02
5.990624646390192538e+02
6.286304501328802417e+02
6.452363059981096285e+02
6.597165890698875046e+02
6.048935285840667575e+02
6.589886261722577956e+02
5.856030136607178065e+02
4.952546800985825826e+02
4.046375747424664269e+02
5.350446117321231441e+02
5.377426606133877840e+02
4.327428362892354698e+02
4.982531182617385639e+02
4.394060706529718345e+02
4.910940283882825383e+02
5.907788527810447476e+02
3.342218295270001818e+02
6.070488668778468764e+02
6.916698207819747495e+02
5.790487881570601303e+02
6.504590330676841177e+02
5.989182556698176541e+02
5.815106793261960547e+02
5.146900864474781656e+02
3.988264622072580892e+02
5.177421574088386933e+02
5.673983185285994750e+02
4.641818332563751710e+02
4.100466827241742180e+02
3.160307744084661863e+02
4.640933536279367218e+02
3.002289282641237946e+02
5.282723692744204982e+02
3.765332327893564752e+02
4.666997163423674237e+02
7.862351370869093898e+02
6.837756510415576940e+02
7.183295131610784665e+02
6.676169153992458405e+02
6.597312560936834416e+02
5.494178534233503797e+02
6.837101742400843705e+02
5.181330292837511706e+02
7.930790226187640428e+02
8.677761112823820895e+02
6.647090684738079744e+02
6.438115338325334278e+02
2.960148256857462457e+02
5.600739346386873194e+02
4.145684742253597506e+02
6.435442957219822802e+02
7.806641057818080753e+02
6.539320714791620048e+02
7.915634557147384385e+02
1.062242302439872219e+03
8.129307025741629786e+02
6.354634233677491011e+02
8.794211731559004193e+02
6.553598095449212906e+02
7.774214205821485848e+02
1.087481887945434664e+03
8.815428136731403583e+02
1.193386525031946348e+03
9.800540306424196615e+02
9.654902475527527486e+02
1.053999515670171604e+03
8.987609763026209748e+02
6.441443907799000499e+02
8.169039942462331965e+02
1.317262978101402496e+03
1.131527104435644560e+03
1.145936151183267157e+03
1.120306079794550215e+03
1.464980028224561920e+03
1.188257899646542455e+03
1.587976916520066879e+03
1.439373705189849261e+03
1.173249656794625253e+03
1.202679304638307258e+03
1.507553178441765340e+03
1.616649018613503813e+03
1.449018466205688128e+03
1.744443951742700392e+03
1.630766212819113207e+03
1.505400789676463319e+03
1.757572984472286407e+03
1.534762247205075482e+03
1.783868168414086540e+03
1.731863985357897036e+03
1.976957818743835787e+03
1.524474124737613920e+03
1.645384769586220045e+03
1.725453927620922286e+03
1.495687075984614012e+03
1.513896502325846996e+03
1.919470867436013577e+03
1.731588873373622391e+03
1.472935441887411343e+03
1.578568299054740692e+03
1.666554705053941461e+03
1.795357793982964267e+03
1.610272431805165752e+03
1.553588547970715354e+03
2.028751356813212169e+03
2.098459886782169178e+03
1.307979559357577045e+03
1.844024443362963211e+03
1.259438312731701672e+03
1.824967618576042241e+03
1.809452321195334207e+03
1.743090582407590091e+03
1.684065264910954284e+03
1.917250540507161986e+03
1.663342529010512635e+03
1.737909548655087974e+03
1.778453177329600976e+03
2.181741107717488376e+03
2.005716489867336804e+03
1.448934619294031108e+03
2.027426386806564551e+03
1.491448642222869012e+03
1.277718906689394998e+03
1.768487061749348186e+03
1.824831152135683169e+03
2.285881486576603038e+03
1.782944304526298311e+03
1.921569022879878958e+03
2.164009791497614060e+03
1.794834511701220663e+03
1.438372339474654382e+03
2.072931572570770641e+03
1.925735009176310996e+03
2.204773158398872511e+03
2.170026211179582788e+03
1.994731573636968051e+03
2.326012312491402554e+03
2.310083669797706079e+03
1.814195865592716245e+03
1.888719078026217858e+03
2.028628545332493331e+03
2.594406443942208170e+03
2.183668051443946297e+03
2.425259241936860235e+03
2.321912525471910612e+03
2.216366762075905626e+03
2.327894957476140007e+03
2.554020406609060046e+03
2.167978461161498672e+03
2.222735675058806464e+03
2.080382383161441794e+03
1.692508438243897444e+03
2.452647159838552398e+03
2.038274041089813181e+03
2.522686075032469034e+03
1.802262894220712496e+03
2.001563184688528509e+03
2.217044958141799270e+03
2.630725427766811663e+03
1.835748462053688854e+03
2.378251235131083376e+03
2.287218705078607400e+03
2.800371338935499807e+03
2.569473196875528174e+03
1.895540553369561621e+03
1.664893854563322293e+03
2.132373137866125944e+03
1.743445447845384933e+03
1.702203412505012238e+03
1.832162777089988595e+03
1.884694144507409419e+03
1.809354370961560107e+03
2.130925757131252340e+03
2.264049804550354565e+03
2.171294114269109741e+03
2.253114981820476714e+03
1.925674236901030326e+03
1.773077087468846003e+03
