-2.939814354724887266e+02
-1.940392779125351552e+01
1.493081431063119169e+02
3.039378544718207422e+02
4.070354137170318154e+02
4.000218406663856854e+02
4.973495351046445876e+02
4.893674369789358707e+02
4.881342414975348447e+02
4.445427547726975490e+02
4.604480438334267092e+02
4.781080494704692683e+02
4.968199917588655126e+02
5.299813435264501322e+02
5.390717705225049485e+02
5.451098097345626456e+02
5.162990450912872120e+02
4.847042272421621192e+02
4.987890720803237627e+02
5.003041294020837313e+02
4.767402281935702604e+02
3.911893699928745036e+02
3.994083690446560695e+02
4.562942590520166846e+02
4.039245676014830906e+02
4.738371328026538549e+02
4.303181107730359827e+02
3.948518785714208548e+02
4.357333738817226845e+02
3.433494569286555134e+02
4.723351013837745995e+02
3.794905092575028789e+02
3.091205975901014540e+02
5.041343114629344200e+02
4.377633438373512149e+02
4.793117613948115832e+02
3.627954243930475400e+02
4.064731779859841367e+02
3.809964697013209047e+02
3.845060941195043824e+02
5.039475777162300574e+02
5.382918059910382453e+02
4.355104921257916430e+02
4.853835306766864051e+02
6.352097215352649755e+02
6.117593914050147532e+02
6.855350121849796778e+02
6.080339263526635705e+02
6.367435958180292346e+02
6.052526590693627213e+02
6.556805196463579932e+02
6.709082623820348772e+02
5.582288540364704659e+02
6.107528892908142097e+02
7.165080821237835380e+02
7.554184140248991071e+02
4.855396048857264759e+02
5.369190951211628544e+02
7.819894402840108114e+02
8.170818792015720646e+02
6.187800916946199550e+02
5.601237558314077205e+02
6.560736209600763686e+02
4.802528621391532511e+02
4.232977662161918602e+02
7.040670794717665331e+02
6.363340616354611257e+02
8.031002010609532817e+02
5.538589591612141021e+02
5.175250197785770752e+02
8.249184107787998528e+02
7.219964133595852900e+02
7.087194067001114490e+02
7.090651298826580842e+02
5.714899932021727409e+02
5.793592481248622335e+02
7.583524974435166541e+02
5.660145569515199213e+02
6.225840428516805787e+02
8.522357079959263046e+02
9.932497299841750191e+02
9.395194048413799237e+02
9.048761893098951532e+02
9.731204691224668295e+02
8.276070905228303900e+02
1.072542367819618676e+03
7.751167531331321925e+02
1.172281469242792582e+03
9.837240235993355100e+02
1.018640106711188082e+03
9.867655545642021480e+02
9.566235828574684774e+02
8.616844113276501957e+02
6.808002845118029427e+02
9.768144420031139816e+02
9.697271224028484085e+02
9.845170086664753626e+02
9.309479018555081211e+02
9.176512057364559496e+02
1.037706989748538945e+03
6.200203175742149142e+02
8.046893299672603916e+02
8.671322650916675912e+02
8.225256520252926293e+02
6.440140355094431470e+02
8.119417525405370952e+02
7.593559700130660985e+02
1.026087815506090692e+03
8.002000749678305738e+02
5.347222198531304684e+02
5.533122284360479171e+02
6.709286635981704876e+02
7.813472080967180773e+02
9.270960834029167472e+02
9.335768159115793878e+02
9.354769704771348415e+02
8.724929985649711170e+02
1.222472141039939061e+03
1.100783748279794509e+03
1.167621582680862048e+03
1.356166440530476166e+03
9.422787721838052448e+02
1.072860148101347249e+03
1.272141527813188759e+03
1.282163656825586031e+03
1.359280073630553261e+03
1.048148394008671630e+03
1.644573265709538418e+03
1.278211989811202784e+03
1.135989632340900471e+03
1.178686730522454582e+03
1.510510073220958247e+03
1.378086456395248888e+03
1.608512264247878647e+03
1.550737489219132613e+03
1.513275878693005552e+03
9.877229265319454043e+02
1.179537016699281139e+03
1.038073425089848342e+03
1.394014121831788088e+03
1.218323626199476166e+03
1.316320358297352414e+03
9.972735221668569920e+02
8.872446396264816713e+02
8.085159009235590020e+02
1.203854890949355195e+03
1.270531996707199824e+03
1.107561660030556141e+03
1.230415642740651492e+03
1.327146125406329247e+03
1.178514392502343298e+03
1.181280244091435861e+03
1.509560693203250594e+03
1.423708714147345290e+03
1.537680488940362466e+03
1.288513141606119916e+03
1.341253156643339480e+03
1.490309277036972844e+03
1.701499882509489908e+03
1.470382201323677691e+03
1.696896883017081109e+03
1.479225918446848937e+03
1.452365622379378692e+03
1.402838155154833430e+03
9.548124304809374507e+02
1.440738665956454042e+03
8.226160215541091247e+02
1.235923622851190885e+03
1.125560704463257025e+03
1.444901948367338719e+03
1.445314267780135879e+03
1.668319799238182441e+03
1.611616246459060903e+03
1.455623615709254864e+03
1.194207063821384963e+03
1.429903725856374876e+03
1.341725269886396291e+03
9.227381203966351677e+02
1.610357456248514609e+03
8.668108131960894980e+02
1.184303745427334889e+03
8.373034424968351459e+02
1.204773654340830035e+03
1.284101578692214844e+03
1.112292347730043048e+03
1.561614709150759609e+03
9.928317485074352362e+02
1.238173871836580702e+03
1.062483289115106800e+03
1.256972771764044637e+03
1.164163759588032462e+03
1.106195226820723747e+03
1.383958620371891357e+03
1.394019025309291010e+03
1.000843672381551869e+03
1.793961038445304894e+03
1.209028645638725720e+03
1.386563201487206697e+03
1.156944713102516744e+03
1.462773935737242027e+03
1.346478360495356810e+03
