-2.781680718257044873e+02
-1.355646517695510624e+02
1.383007034832132263e+02
1.511863388109001676e+02
2.055879863090269168e+02
3.988665858250822680e+02
3.866107225017385076e+02
3.348415765997792732e+02
4.783747894665449962e+02
5.711640340922724590e+02
6.024411774858244826e+02
5.947296002316473960e+02
6.186249456731153487e+02
6.308003297451452909e+02
6.323148739735549952e+02
6.097309675905245285e+02
6.062799325984467487e+02
5.274741608789784095e+02
5.588320864863833322e+02
5.567811373338969361e+02
5.246439904508251857e+02
4.584417340557625948e+02
4.764343189011813706e+02
4.424961362527466804e+02
4.774478545427582503e+02
5.190410386730757182e+02
5.324546526946097629e+02
4.486142850946368412e+02
4.328032975716905639e+02
5.292643758596772159e+02
4.343198852581647884e+02
3.473515928679254330e+02
3.181773767066159166e+02
3.677025620499881597e+02
4.163634570795867376e+02
3.605829834418960331e+02
4.185770056329293993e+02
4.713152775543969142e+02
4.287829604265006083e+02
5.163310071779706050e+02
4.381651283026094461e+02
4.005326857205319584e+02
6.266279923696217793e+02
5.492379969791751364e+02
5.335097821481729170e+02
4.763756834909874556e+02
6.035858749791817672e+02
7.305248093951793180e+02
6.784209121223395869e+02
6.640154898391560891e+02
6.726753874560359918e+02
7.939708968578486292e+02
7.517093631254223283e+02
7.817844406923205725e+02
7.654614905635881996e+02
6.386384675586007234e+02
7.129128330525970796e+02
4.674548633839904141e+02
6.542732067258964435e+02
7.531735032999179111e+02
6.481904441360709370e+02
7.252436563928936266e+02
8.220574720297205431e+02
8.123351825137798414e+02
5.264286894320100600e+02
6.123671775893151334e+02
8.570479172259829284e+02
8.318520456973161572e+02
8.235855334441006335e+02
1.023457839760309071e+03
6.640825758377717420e+02
8.428211741850560657e+02
8.414997955324445229e+02
7.923246952414199313e+02
7.721832332849437535e+02
5.975942485391442460e+02
7.600238423593639254e+02
8.180425844234621309e+02
6.529831202263658270e+02
8.373288518411858377e+02
7.614488993727493380e+02
1.035719222560024946e+03
8.406395105244831711e+02
8.736688512623284169e+02
7.387100081140025623e+02
1.125507990956798267e+03
1.095540449586997511e+03
8.091679856021135038e+02
7.653004242450022048e+02
8.972068192578714161e+02
1.125578575377206562e+03
8.799579267094322859e+02
6.444799382882706595e+02
9.936875207355171824e+02
1.151996788674290883e+03
8.436173286278119576e+02
1.037699825911089420e+03
1.077362221119199148e+03
8.328918365114229800e+02
7.117523724587283596e+02
1.344610512316648510e+03
9.179733131019372649e+02
9.863639035599337603e+02
7.406586833257850913e+02
1.126453164192627355e+03
1.001115862553913189e+03
1.131386627530211172e+03
1.220834731402301713e+03
1.015170412247457307e+03
1.356875549148482150e+03
8.496025526969931434e+02
1.239209415858518241e+03
8.980346714598259723e+02
9.803437283996787528e+02
1.017282113523520820e+03
1.350960327725576235e+03
1.030773015610440780e+03
9.278886911332401723e+02
1.327268205590335583e+03
8.395785017997753812e+02
1.283754060708575253e+03
1.115732751567830974e+03
1.094509723164009074e+03
1.013041900480812046e+03
1.306390169399735441e+03
1.275620973379383031e+03
9.632555239660229063e+02
1.291525818253230000e+03
1.431270024391187235e+03
1.076834591402391197e+03
1.245720210634404566e+03
1.291943007732173555e+03
1.128853011197103569e+03
1.262211442857164002e+03
1.144269801547932047e+03
9.320290757952958529e+02
8.954989285385438507e+02
1.379097669382544609e+03
1.567031147901516078e+03
1.243733357812689519e+03
1.041216985199894680e+03
9.452103258910913155e+02
1.259477168746080679e+03
1.290171772985230291e+03
1.612385463348413396e+03
1.225594172040135618e+03
1.669975319620429900e+03
1.316336824332819106e+03
1.743474860117400340e+03
1.301802641158912593e+03
1.422382043696789651e+03
1.710563903306820521e+03
1.158035731545557155e+03
1.522922820110673229e+03
1.396387472754658347e+03
1.644058981696315414e+03
1.680786933574439445e+03
1.681032729232212205e+03
1.968315962215302761e+03
1.462524544771097226e+03
1.785771283256365450e+03
