0.000000000000000000e+00
0.000000000000000000e+00
0.000000000000000000e+00
1.136152505874633789e+00
8.803862333297729492e-01
9.758971929550170898e-01
1.220715641975402832e+00
1.386480093002319336e+00
1.294472336769104004e+00
1.206730723381042480e+00
1.087445378303527832e+00
9.659248590469360352e-01
8.670493364334106445e-01
7.915238142013549805e-01
7.380893230438232422e-01
7.040272355079650879e-01
6.721360087394714355e-01
6.540474891662597656e-01
6.207694411277770996e-01
5.959913134574890137e-01
5.706918835639953613e-01
5.517503023147583008e-01
5.349684357643127441e-01
5.228605866432189941e-01
5.046927332878112793e-01
4.915918409824371338e-01
4.870579838752746582e-01
4.885683953762054443e-01
4.754218161106109619e-01
4.696822166442871094e-01
4.612434506416320801e-01
4.555461406707763672e-01
4.484645724296569824e-01
4.490497708320617676e-01
4.542087614536285400e-01
4.615652561187744141e-01
4.646722078323364258e-01
4.742832779884338379e-01
4.826660156250000000e-01
4.931555688381195068e-01
5.019304752349853516e-01
5.087425708770751953e-01
5.130664110183715820e-01
5.387473106384277344e-01
5.688067078590393066e-01
5.953924655914306641e-01
6.154580712318420410e-01
6.428039669990539551e-01
6.758857369422912598e-01
7.111818790435791016e-01
7.228635549545288086e-01
7.877250909805297852e-01
7.832796573638916016e-01
8.172081708908081055e-01
8.213548660278320312e-01
8.594581484794616699e-01
8.739547133445739746e-01
8.638611435890197754e-01
8.347874879837036133e-01
9.224200248718261719e-01
9.260381460189819336e-01
9.003694653511047363e-01
1.050576210021972656e+00
1.035507202148437500e+00
9.964477419853210449e-01
1.134201407432556152e+00
1.059254050254821777e+00
1.122542858123779297e+00
1.091886997222900391e+00
1.335388422012329102e+00
1.219420671463012695e+00
1.117288112640380859e+00
1.226926445960998535e+00
1.193339228630065918e+00
1.134071826934814453e+00
1.125870347023010254e+00
1.324173331260681152e+00
1.478728294372558594e+00
1.303330540657043457e+00
1.499205589294433594e+00
1.406925797462463379e+00
1.434995889663696289e+00
1.457015633583068848e+00
1.252101302146911621e+00
1.331057071685791016e+00
1.435241460800170898e+00
1.200837850570678711e+00
1.381146192550659180e+00
1.405783176422119141e+00
1.255737781524658203e+00
1.546569347381591797e+00
1.432198286056518555e+00
1.570288658142089844e+00
1.462878942489624023e+00
1.484248280525207520e+00
1.472337722778320312e+00
1.597161650657653809e+00
1.300814509391784668e+00
1.364870905876159668e+00
1.456583499908447266e+00
1.617624402046203613e+00
1.380387187004089355e+00
1.462783455848693848e+00
1.417253375053405762e+00
1.794911980628967285e+00
1.552569627761840820e+00
1.496933817863464355e+00
1.569072246551513672e+00
1.468154549598693848e+00
1.282300829887390137e+00
1.416446328163146973e+00
1.862604260444641113e+00
1.679237008094787598e+00
1.625864386558532715e+00
1.269509792327880859e+00
1.539813995361328125e+00
1.364700675010681152e+00
1.553773641586303711e+00
1.446611523628234863e+00
1.219574451446533203e+00
1.527644038200378418e+00
1.510948061943054199e+00
1.441196560859680176e+00
1.126329779624938965e+00
1.305192589759826660e+00
1.408977746963500977e+00
1.570928454399108887e+00
1.393257856369018555e+00
1.317754507064819336e+00
1.090732932090759277e+00
1.488581776618957520e+00
1.186388373374938965e+00
1.327347636222839355e+00
1.337541460990905762e+00
1.346191167831420898e+00
1.183214902877807617e+00
1.262153863906860352e+00
1.333461046218872070e+00
1.178908228874206543e+00
1.360013604164123535e+00
1.041606664657592773e+00
1.308673143386840820e+00
1.199919462203979492e+00
1.104193091392517090e+00
1.129852771759033203e+00
1.273829221725463867e+00
1.011791586875915527e+00
1.100392341613769531e+00
9.330720305442810059e-01
1.055526971817016602e+00
1.029530525207519531e+00
1.077242970466613770e+00
1.136021494865417480e+00
9.060335755348205566e-01
1.075601935386657715e+00
1.135587811470031738e+00
1.014346361160278320e+00
1.026394128799438477e+00
1.008288621902465820e+00
1.114275097846984863e+00
9.967011809349060059e-01
1.117280006408691406e+00
9.923012852668762207e-01
1.171639084815979004e+00
1.142818331718444824e+00
1.072595119476318359e+00
1.124660015106201172e+00
1.203530430793762207e+00
1.144633173942565918e+00
1.222134709358215332e+00
1.210474133491516113e+00
1.259168148040771484e+00
1.089523315429687500e+00
1.185602903366088867e+00
1.332931280136108398e+00
1.235040545463562012e+00
1.207607865333557129e+00
1.235752940177917480e+00
1.174082040786743164e+00
1.270743012428283691e+00
1.169673442840576172e+00
1.232860684394836426e+00
1.178032755851745605e+00
1.287980437278747559e+00
1.373687982559204102e+00
1.382385492324829102e+00
1.499017834663391113e+00
1.935869932174682617e+00
1.621638655662536621e+00
1.739289283752441406e+00
1.614084839820861816e+00
1.531110882759094238e+00
1.360973358154296875e+00
1.521279096603393555e+00
1.633472204208374023e+00
1.747458696365356445e+00
1.478096961975097656e+00
1.798803925514221191e+00
1.490844130516052246e+00
1.702569961547851562e+00
1.451618075370788574e+00
1.595330357551574707e+00
1.676672339439392090e+00
1.854931473731994629e+00
1.569183468818664551e+00
2.137212991714477539e+00
1.626071453094482422e+00
1.785600662231445312e+00
1.733817338943481445e+00
2.093401193618774414e+00
1.696258306503295898e+00
2.001331806182861328e+00
1.497990012168884277e+00
1.615088820457458496e+00
2.099013566970825195e+00
1.623925685882568359e+00
1.947571516036987305e+00
1.642982959747314453e+00
1.843819618225097656e+00
2.049805879592895508e+00
1.755048632621765137e+00
1.896936535835266113e+00
2.287342786788940430e+00
2.220478057861328125e+00
2.108217239379882812e+00
2.161468029022216797e+00
2.288105964660644531e+00
1.984659194946289062e+00
1.941912055015563965e+00
1.977334380149841309e+00
1.941060304641723633e+00
1.805830597877502441e+00
1.925355195999145508e+00
2.272708415985107422e+00
2.310580015182495117e+00
2.079046964645385742e+00
2.255793571472167969e+00
2.045376539230346680e+00
2.450014829635620117e+00
2.479866504669189453e+00
2.255024433135986328e+00
2.361071348190307617e+00
2.548295021057128906e+00
2.484251499176025391e+00
2.283195734024047852e+00
2.319877862930297852e+00
2.776054143905639648e+00
2.630761146545410156e+00
2.150735378265380859e+00
2.406517505645751953e+00
2.722233057022094727e+00
2.841021060943603516e+00
2.756462574005126953e+00
2.212608575820922852e+00
2.625878810882568359e+00
2.582884311676025391e+00
2.913003683090209961e+00
2.766765594482421875e+00
2.367655277252197266e+00
2.768229007720947266e+00
2.893225193023681641e+00
2.454448461532592773e+00
2.704362869262695312e+00
2.698878765106201172e+00
2.709124803543090820e+00
2.918513774871826172e+00
3.206947088241577148e+00
2.585273027420043945e+00
2.717221736907958984e+00
2.745940923690795898e+00
2.733338356018066406e+00
2.537646293640136719e+00
3.388028383255004883e+00
3.109453439712524414e+00
3.111426830291748047e+00
2.760457754135131836e+00
3.253207445144653320e+00
2.880154371261596680e+00
3.240281820297241211e+00
2.965970993041992188e+00
3.328150987625122070e+00
3.462326526641845703e+00
3.049648523330688477e+00
2.825398445129394531e+00
2.644659519195556641e+00
2.980354070663452148e+00
3.702073812484741211e+00
3.517607927322387695e+00
3.023469686508178711e+00
3.353290796279907227e+00
3.585150957107543945e+00
3.564842462539672852e+00
3.549974918365478516e+00
3.629964351654052734e+00
3.560922861099243164e+00
3.765902996063232422e+00
3.985304594039916992e+00
3.867484331130981445e+00
3.018335819244384766e+00
3.974642992019653320e+00
3.659239768981933594e+00
4.087035179138183594e+00
3.319489240646362305e+00
3.658161640167236328e+00
3.821194410324096680e+00
4.146933555603027344e+00
4.558026313781738281e+00
4.237829208374023438e+00
4.137532711029052734e+00
4.194331169128417969e+00
4.097141742706298828e+00
4.038112640380859375e+00
3.690065622329711914e+00
4.492337226867675781e+00
4.391837120056152344e+00
4.773826599121093750e+00
3.685669422149658203e+00
5.654714584350585938e+00
4.862347602844238281e+00
4.231052398681640625e+00
4.134194374084472656e+00
4.537427902221679688e+00
4.904050827026367188e+00
4.493973255157470703e+00
4.633306503295898438e+00
4.578399181365966797e+00
4.205888748168945312e+00
3.937218427658081055e+00
4.561680793762207031e+00
4.701342582702636719e+00
4.491986751556396484e+00
5.195661067962646484e+00
4.540599822998046875e+00
4.514982223510742188e+00
4.698931694030761719e+00
4.724577903747558594e+00
4.715652465820312500e+00
4.984114170074462891e+00
4.626397609710693359e+00
4.814082622528076172e+00
5.513416767120361328e+00
5.536603450775146484e+00
5.253412246704101562e+00
5.012479305267333984e+00
4.657168388366699219e+00
5.070803642272949219e+00
5.462852478027343750e+00
5.818439483642578125e+00
6.089386940002441406e+00
5.659343242645263672e+00
5.280752182006835938e+00
5.818431854248046875e+00
4.770201206207275391e+00
5.643846035003662109e+00
5.979562759399414062e+00
5.470557689666748047e+00
5.061723709106445312e+00
6.055149078369140625e+00
6.523832321166992188e+00
5.996337413787841797e+00
5.859490871429443359e+00
5.810845851898193359e+00
5.713496685028076172e+00
5.918137550354003906e+00
5.438624382019042969e+00
5.481768608093261719e+00
5.382784366607666016e+00
6.154695510864257812e+00
7.382018566131591797e+00
5.608256816864013672e+00
5.942916870117187500e+00
6.902765750885009766e+00
6.449971675872802734e+00
6.544052600860595703e+00
6.492274284362792969e+00
6.432550430297851562e+00
7.071466922760009766e+00
6.998029708862304688e+00
6.470369338989257812e+00
6.589143753051757812e+00
7.148390293121337891e+00
6.928174972534179688e+00
6.620713710784912109e+00
6.977888107299804688e+00
6.786793231964111328e+00
6.307116031646728516e+00
7.272560596466064453e+00
7.005267620086669922e+00
6.283707618713378906e+00
7.007885932922363281e+00
6.709186077117919922e+00
7.035617351531982422e+00
6.659692287445068359e+00
7.887829303741455078e+00
7.158037662506103516e+00
7.142684459686279297e+00
7.027358055114746094e+00
7.624012470245361328e+00
7.513014316558837891e+00
7.590257644653320312e+00
7.312310695648193359e+00
7.537367343902587891e+00
7.342636108398437500e+00
7.924541473388671875e+00
7.393564224243164062e+00
8.091811180114746094e+00
7.303652286529541016e+00
8.095646858215332031e+00
8.089078903198242188e+00
7.737988948822021484e+00
7.659494400024414062e+00
7.561072349548339844e+00
7.718359470367431641e+00
8.264478683471679688e+00
7.601207256317138672e+00
8.339292526245117188e+00
7.532032966613769531e+00
7.402268409729003906e+00
8.153272628784179688e+00
8.559029579162597656e+00
7.609780311584472656e+00
7.713641166687011719e+00
7.902751445770263672e+00
8.500895500183105469e+00
7.716406345367431641e+00
8.242886543273925781e+00
8.538765907287597656e+00
9.182946205139160156e+00
8.519906044006347656e+00
9.202288627624511719e+00
8.136440277099609375e+00
9.353798866271972656e+00
8.774197578430175781e+00
8.514421463012695312e+00
9.494294166564941406e+00
9.022006988525390625e+00
9.458706855773925781e+00
9.146109580993652344e+00
9.076373100280761719e+00
8.882717132568359375e+00
9.667611122131347656e+00
9.222915649414062500e+00
9.178448677062988281e+00
9.521771430969238281e+00
9.393853187561035156e+00
9.020555496215820312e+00
8.763172149658203125e+00
9.556019783020019531e+00
9.558887481689453125e+00
1.025858402252197266e+01
9.147376060485839844e+00
9.199205398559570312e+00
8.406868934631347656e+00
8.938843727111816406e+00
8.957852363586425781e+00
9.244539260864257812e+00
8.943646430969238281e+00
9.200821876525878906e+00
9.723604202270507812e+00
9.608702659606933594e+00
9.287190437316894531e+00
1.007429885864257812e+01
1.023526668548583984e+01
1.006473445892333984e+01
1.076729011535644531e+01
1.047139644622802734e+01
9.740262985229492188e+00
9.971552848815917969e+00
1.025083637237548828e+01
9.718369483947753906e+00
1.029433250427246094e+01
9.843507766723632812e+00
9.726336479187011719e+00
9.733119010925292969e+00
1.007314109802246094e+01
9.730957031250000000e+00
9.695969581604003906e+00
9.524437904357910156e+00
8.929835319519042969e+00
1.024146842956542969e+01
1.019207859039306641e+01
1.105695533752441406e+01
1.002071285247802734e+01
9.802683830261230469e+00
9.977210998535156250e+00
9.813183784484863281e+00
9.450458526611328125e+00
1.002673721313476562e+01
9.228627204895019531e+00
9.796368598937988281e+00
9.969056129455566406e+00
1.051496124267578125e+01
9.715111732482910156e+00
9.868501663208007812e+00
1.039334964752197266e+01
1.029629325866699219e+01
1.000339031219482422e+01
9.767540931701660156e+00
1.002091121673583984e+01
1.007827854156494141e+01
9.855510711669921875e+00
1.059627246856689453e+01
9.565613746643066406e+00
1.050590610504150391e+01
1.049887847900390625e+01
1.017790126800537109e+01
9.674327850341796875e+00
1.060119628906250000e+01
1.072186756134033203e+01
1.068829154968261719e+01
1.052966594696044922e+01
9.869437217712402344e+00
1.140973281860351562e+01
1.191772460937500000e+01
1.106190872192382812e+01
9.626160621643066406e+00
1.038582420349121094e+01
1.071706295013427734e+01
1.058650779724121094e+01
1.037292385101318359e+01
1.027048110961914062e+01
1.094339847564697266e+01
1.073095893859863281e+01
1.061822891235351562e+01
1.034558582305908203e+01
1.009576988220214844e+01
9.648137092590332031e+00
1.106401729583740234e+01
1.027476787567138672e+01
1.010822296142578125e+01
9.910455703735351562e+00
1.121722030639648438e+01
1.015680122375488281e+01
9.945413589477539062e+00
1.054210758209228516e+01
1.058712005615234375e+01
1.010068321228027344e+01
1.055815601348876953e+01
1.124523639678955078e+01
1.031415271759033203e+01
1.144173812866210938e+01
1.095729827880859375e+01
1.096654129028320312e+01
1.077055168151855469e+01
1.044849014282226562e+01
1.085783004760742188e+01
1.128216934204101562e+01
1.161982059478759766e+01
1.124950027465820312e+01
1.153656291961669922e+01
1.008155059814453125e+01
1.090652275085449219e+01
1.099376201629638672e+01
1.058500766754150391e+01
1.159949016571044922e+01
1.075666618347167969e+01
1.206369209289550781e+01
1.089853096008300781e+01
1.225289249420166016e+01
1.119878864288330078e+01
1.148261165618896484e+01
1.220332813262939453e+01
1.161791038513183594e+01
1.120432662963867188e+01
1.127746677398681641e+01
1.117157745361328125e+01
1.176936340332031250e+01
1.236773395538330078e+01
1.177844810485839844e+01
1.145057773590087891e+01
1.212437725067138672e+01
1.209662723541259766e+01
1.092660522460937500e+01
1.150264263153076172e+01
1.206493663787841797e+01
1.240824222564697266e+01
1.132640647888183594e+01
1.160161495208740234e+01
1.230623149871826172e+01
1.263917446136474609e+01
1.295670890808105469e+01
1.215757083892822266e+01
1.230627536773681641e+01
1.223443508148193359e+01
1.212757015228271484e+01
1.236521720886230469e+01
1.155363845825195312e+01
1.107996845245361328e+01
1.194555091857910156e+01
1.186863327026367188e+01
1.218290519714355469e+01
1.160657596588134766e+01
1.140963268280029297e+01
1.130460929870605469e+01
1.092236709594726562e+01
1.153346824645996094e+01
1.088442230224609375e+01
1.130556011199951172e+01
1.151770401000976562e+01
1.122140312194824219e+01
1.178460979461669922e+01
1.164377307891845703e+01
1.208209037780761719e+01
1.174966621398925781e+01
1.172999858856201172e+01
1.224121856689453125e+01
1.153324604034423828e+01
1.258613204956054688e+01
1.156894016265869141e+01
1.158334541320800781e+01
1.187964820861816406e+01
1.144304752349853516e+01
1.331946849822998047e+01
1.191220855712890625e+01
1.241313266754150391e+01
1.245348072052001953e+01
1.168752670288085938e+01
1.159877777099609375e+01
1.171793651580810547e+01
1.186280632019042969e+01
1.249615001678466797e+01
1.196950912475585938e+01
1.233807659149169922e+01
1.197989845275878906e+01
1.252775955200195312e+01
1.273251152038574219e+01
1.206051731109619141e+01
1.222180843353271484e+01
1.247181987762451172e+01
1.152843284606933594e+01
1.244431209564208984e+01
1.291095352172851562e+01
1.282543277740478516e+01
1.195657825469970703e+01
1.206368923187255859e+01
1.261329841613769531e+01
1.251272869110107422e+01
1.296477508544921875e+01
1.263967990875244141e+01
1.163402938842773438e+01
1.314045524597167969e+01
1.326126956939697266e+01
1.285358524322509766e+01
1.284636974334716797e+01
1.217318630218505859e+01
1.396269130706787109e+01
1.371169853210449219e+01
1.279753112792968750e+01
1.266874313354492188e+01
1.349170684814453125e+01
1.391703891754150391e+01
1.424575901031494141e+01
1.496805667877197266e+01
1.370243167877197266e+01
1.384877967834472656e+01
1.390855503082275391e+01
1.491994094848632812e+01
1.500322914123535156e+01
1.490049457550048828e+01
1.359402561187744141e+01
1.441512107849121094e+01
1.381147670745849609e+01
1.460413265228271484e+01
1.467840194702148438e+01
1.424002933502197266e+01
1.482164001464843750e+01
1.423649215698242188e+01
1.433033943176269531e+01
1.539857387542724609e+01
1.446327590942382812e+01
1.389285755157470703e+01
1.402084541320800781e+01
1.462397766113281250e+01
1.518739700317382812e+01
1.436841773986816406e+01
1.458861446380615234e+01
1.607033729553222656e+01
1.562068939208984375e+01
1.428995227813720703e+01
1.423910617828369141e+01
1.655155754089355469e+01
1.495132255554199219e+01
1.544305706024169922e+01
1.629462242126464844e+01
1.542481613159179688e+01
1.694302940368652344e+01
1.549044322967529297e+01
1.570936393737792969e+01
1.598219966888427734e+01
1.594034385681152344e+01
1.542846870422363281e+01
1.691632080078125000e+01
1.737130737304687500e+01
1.679781532287597656e+01
1.645546340942382812e+01
1.579564952850341797e+01
1.506110382080078125e+01
1.628824996948242188e+01
1.689669036865234375e+01
1.776350021362304688e+01
1.637059020996093750e+01
1.684513473510742188e+01
1.743372917175292969e+01
1.655554008483886719e+01
1.593287277221679688e+01
1.729814147949218750e+01
1.725244712829589844e+01
1.565210533142089844e+01
1.677991485595703125e+01
1.706692886352539062e+01
1.652291107177734375e+01
1.653677558898925781e+01
1.728183937072753906e+01
1.660876083374023438e+01
1.799475479125976562e+01
1.694734001159667969e+01
1.783874893188476562e+01
1.824218368530273438e+01
1.747442054748535156e+01
1.765476989746093750e+01
1.718149566650390625e+01
1.663793182373046875e+01
1.609978675842285156e+01
1.864782905578613281e+01
1.820198059082031250e+01
1.659602928161621094e+01
1.722838020324707031e+01
1.710676956176757812e+01
1.787565612792968750e+01
1.754273033142089844e+01
1.795180320739746094e+01
1.774969673156738281e+01
1.652894973754882812e+01
1.809074211120605469e+01
1.776115608215332031e+01
1.805698013305664062e+01
1.793058967590332031e+01
1.958413696289062500e+01
1.904838180541992188e+01
2.025617218017578125e+01
1.706973075866699219e+01
1.927446937561035156e+01
1.897976493835449219e+01
1.886470794677734375e+01
1.806589126586914062e+01
2.014262771606445312e+01
1.978263473510742188e+01
1.771734428405761719e+01
1.875849914550781250e+01
1.839806556701660156e+01
1.848878097534179688e+01
1.813779449462890625e+01
1.970041084289550781e+01
1.910024642944335938e+01
1.961368560791015625e+01
1.948924255371093750e+01
1.854831314086914062e+01
1.898564529418945312e+01
2.025087928771972656e+01
1.994993400573730469e+01
2.066988754272460938e+01
2.092460632324218750e+01
2.056306076049804688e+01
1.978465843200683594e+01
2.124235534667968750e+01
2.015706253051757812e+01
2.114472961425781250e+01
2.044116973876953125e+01
2.212100791931152344e+01
2.131477355957031250e+01
2.196741676330566406e+01
2.153051567077636719e+01
2.009370231628417969e+01
1.961098861694335938e+01
2.157181167602539062e+01
2.069783973693847656e+01
2.116649246215820312e+01
2.065423965454101562e+01
2.113374710083007812e+01
2.080213928222656250e+01
2.069128036499023438e+01
2.175389099121093750e+01
2.013075447082519531e+01
2.258893394470214844e+01
2.076806831359863281e+01
2.256413650512695312e+01
2.196590995788574219e+01
2.345216941833496094e+01
2.269455528259277344e+01
2.332856559753417969e+01
2.276372146606445312e+01
2.182782554626464844e+01
2.141477584838867188e+01
2.171381950378417969e+01
2.127510833740234375e+01
2.264324951171875000e+01
2.316028022766113281e+01
2.178281211853027344e+01
2.267570877075195312e+01
2.250040817260742188e+01
2.180805778503417969e+01
2.301452255249023438e+01
2.146637153625488281e+01
2.279060554504394531e+01
2.517711067199707031e+01
2.337727737426757812e+01
2.399357032775878906e+01
2.364156723022460938e+01
2.345781898498535156e+01
2.433642196655273438e+01
2.355035209655761719e+01
2.509388542175292969e+01
2.488964080810546875e+01
2.481154632568359375e+01
2.513464164733886719e+01
2.469602775573730469e+01
2.405486869812011719e+01
2.394657516479492188e+01
2.271674156188964844e+01
2.510556602478027344e+01
2.594619750976562500e+01
2.488357734680175781e+01
2.688926506042480469e+01
2.515081214904785156e+01
2.490946578979492188e+01
2.654360961914062500e+01
2.468470001220703125e+01
2.645981216430664062e+01
2.547031974792480469e+01
2.502652168273925781e+01
2.717009353637695312e+01
2.660194587707519531e+01
2.508142280578613281e+01
2.498066711425781250e+01
2.678614044189453125e+01
2.692313194274902344e+01
2.462883949279785156e+01
2.499993705749511719e+01
2.543788337707519531e+01
2.594141197204589844e+01
2.453353881835937500e+01
2.620662498474121094e+01
2.549247360229492188e+01
2.449033164978027344e+01
2.553538703918457031e+01
2.523158645629882812e+01
2.440171432495117188e+01
2.503726196289062500e+01
2.628520774841308594e+01
2.579112815856933594e+01
2.646268081665039062e+01
2.524950790405273438e+01
2.506071281433105469e+01
2.641455459594726562e+01
2.739840698242187500e+01
2.688962936401367188e+01
2.707036399841308594e+01
2.531009674072265625e+01
2.731946945190429688e+01
2.592230415344238281e+01
2.547688293457031250e+01
2.585144233703613281e+01
2.611674690246582031e+01
2.538014793395996094e+01
2.672581672668457031e+01
2.605868721008300781e+01
2.473764038085937500e+01
2.584038925170898438e+01
2.510117340087890625e+01
2.522463226318359375e+01
2.602494812011718750e+01
2.651616096496582031e+01
2.619614028930664062e+01
2.405682945251464844e+01
2.541034889221191406e+01
2.599510383605957031e+01
2.643259429931640625e+01
2.743974876403808594e+01
2.573440170288085938e+01
2.776759147644042969e+01
2.536032867431640625e+01
2.455743789672851562e+01
2.452811431884765625e+01
2.514544677734375000e+01
2.513086891174316406e+01
2.659872245788574219e+01
2.431860542297363281e+01
2.757789421081542969e+01
2.611985206604003906e+01
2.586426734924316406e+01
2.734412193298339844e+01
2.601820373535156250e+01
2.630078887939453125e+01
2.723081398010253906e+01
2.701165771484375000e+01
2.809150314331054688e+01
2.591244888305664062e+01
2.709825706481933594e+01
2.489674568176269531e+01
2.554728889465332031e+01
2.646985244750976562e+01
2.810985946655273438e+01
2.676959800720214844e+01
2.744756698608398438e+01
2.754075622558593750e+01
2.978553581237792969e+01
2.774802017211914062e+01
2.875533676147460938e+01
2.728576087951660156e+01
2.688266754150390625e+01
2.792731666564941406e+01
2.779631042480468750e+01
2.865406990051269531e+01
2.849360275268554688e+01
2.923705863952636719e+01
2.752113342285156250e+01
2.987322807312011719e+01
2.972203445434570312e+01
2.834969902038574219e+01
2.792271423339843750e+01
2.848533248901367188e+01
2.704566383361816406e+01
2.695793724060058594e+01
2.741878318786621094e+01
2.679696083068847656e+01
2.678505516052246094e+01
2.821365165710449219e+01
3.022072601318359375e+01
2.950023269653320312e+01
2.913683509826660156e+01
2.806360626220703125e+01
2.885002517700195312e+01
2.842759132385253906e+01
2.745969772338867188e+01
2.704876899719238281e+01
2.765792083740234375e+01
2.878768348693847656e+01
2.702669143676757812e+01
2.635091781616210938e+01
2.649388313293457031e+01
2.791166496276855469e+01
2.828940391540527344e+01
2.723000335693359375e+01
2.735844230651855469e+01
3.011027336120605469e+01
2.871220016479492188e+01
2.612905693054199219e+01
2.943414688110351562e+01
2.687722015380859375e+01
2.826819801330566406e+01
2.809539413452148438e+01
2.661153602600097656e+01
2.862624549865722656e+01
2.822355842590332031e+01
2.766134452819824219e+01
2.832794570922851562e+01
2.779821014404296875e+01
2.909068298339843750e+01
3.078321266174316406e+01
2.760206604003906250e+01
2.753914833068847656e+01
2.712996292114257812e+01
2.804249954223632812e+01
2.735935211181640625e+01
2.612851524353027344e+01
2.772057151794433594e+01
2.858720016479492188e+01
2.782235336303710938e+01
2.768282890319824219e+01
2.833046913146972656e+01
2.754419136047363281e+01
2.851044845581054688e+01
2.708692741394042969e+01
2.790876960754394531e+01
2.723622131347656250e+01
2.667742347717285156e+01
2.513563919067382812e+01
2.510874938964843750e+01
2.744941139221191406e+01
2.683785247802734375e+01
2.627148056030273438e+01
2.724971389770507812e+01
2.761904335021972656e+01
2.666191101074218750e+01
2.769984054565429688e+01
2.711868286132812500e+01
2.719060897827148438e+01
2.510365867614746094e+01
2.637246322631835938e+01
2.644183921813964844e+01
2.559050369262695312e+01
2.566541481018066406e+01
2.656974601745605469e+01
2.596694183349609375e+01
2.536227416992187500e+01
2.565298461914062500e+01
2.686682510375976562e+01
2.533978462219238281e+01
2.649937438964843750e+01
2.587282752990722656e+01
2.549603080749511719e+01
2.440446090698242188e+01
2.613929176330566406e+01
2.614285278320312500e+01
2.550994682312011719e+01
2.518398857116699219e+01
2.663575553894042969e+01
2.671391487121582031e+01
2.604160118103027344e+01
2.663820266723632812e+01
2.803613662719726562e+01
2.644466781616210938e+01
2.646624946594238281e+01
2.633907318115234375e+01
2.500829505920410156e+01
2.491492462158203125e+01
2.474297332763671875e+01
2.676948738098144531e+01
2.667000389099121094e+01
2.615248298645019531e+01
2.772479629516601562e+01
2.665681457519531250e+01
2.995320701599121094e+01
2.685358810424804688e+01
2.760093498229980469e+01
2.687250709533691406e+01
2.659323883056640625e+01
2.564639854431152344e+01
2.741663360595703125e+01
2.616011810302734375e+01
2.771682167053222656e+01
2.776073074340820312e+01
2.710361480712890625e+01
2.731269073486328125e+01
2.741532707214355469e+01
2.825745201110839844e+01
2.692780113220214844e+01
2.758226394653320312e+01
2.892789268493652344e+01
2.731340599060058594e+01
2.736708259582519531e+01
2.740712356567382812e+01
2.830547523498535156e+01
2.836211013793945312e+01
2.930364036560058594e+01
2.767204666137695312e+01
2.794576263427734375e+01
2.772101593017578125e+01
2.713278579711914062e+01
2.853495597839355469e+01
2.639956283569335938e+01
2.647673606872558594e+01
2.742382812500000000e+01
2.701479911804199219e+01
2.638432884216308594e+01
2.796763992309570312e+01
2.625297737121582031e+01
2.736599540710449219e+01
2.591057205200195312e+01
2.587541389465332031e+01
2.689090347290039062e+01
2.717087554931640625e+01
2.781746101379394531e+01
2.877642822265625000e+01
2.818660926818847656e+01
2.686227416992187500e+01
2.721440505981445312e+01
2.812402153015136719e+01
2.808532905578613281e+01
2.728160858154296875e+01
2.725211524963378906e+01
2.685237121582031250e+01
2.795716094970703125e+01
2.633697128295898438e+01
2.830425071716308594e+01
2.715694046020507812e+01
2.721240425109863281e+01
2.691548347473144531e+01
2.906485939025878906e+01
2.649702644348144531e+01
2.950459289550781250e+01
3.155630111694335938e+01
2.969693946838378906e+01
2.813327026367187500e+01
3.132068443298339844e+01
2.823890686035156250e+01
2.907552337646484375e+01
3.142611694335937500e+01
3.130919075012207031e+01
3.130100822448730469e+01
3.153085517883300781e+01
2.858809280395507812e+01
2.934576606750488281e+01
2.954661178588867188e+01
2.912168693542480469e+01
3.018018722534179688e+01
2.802344512939453125e+01
2.733941841125488281e+01
2.848178863525390625e+01
2.846218872070312500e+01
2.645339012145996094e+01
2.645673751831054688e+01
2.763295364379882812e+01
2.794407272338867188e+01
2.669995498657226562e+01
2.865141105651855469e+01
2.831837463378906250e+01
2.852406692504882812e+01
2.890037727355957031e+01
2.949344635009765625e+01
2.689932441711425781e+01
2.943904495239257812e+01
2.639976692199707031e+01
2.841153335571289062e+01
2.870285224914550781e+01
2.714490318298339844e+01
2.806733512878417969e+01
2.831064987182617188e+01
2.967006683349609375e+01
2.953433418273925781e+01
2.729274559020996094e+01
2.960482406616210938e+01
2.941559410095214844e+01
2.823404502868652344e+01
2.899504661560058594e+01
2.791973114013671875e+01
2.860947227478027344e+01
2.661205482482910156e+01
2.826651000976562500e+01
2.934424209594726562e+01
2.658403205871582031e+01
2.818098449707031250e+01
2.729679679870605469e+01
2.785637092590332031e+01
2.860517501831054688e+01
2.762799263000488281e+01
2.890423393249511719e+01
2.854464340209960938e+01
2.969344520568847656e+01
2.904679298400878906e+01
2.781456375122070312e+01
2.832907867431640625e+01
2.967816352844238281e+01
2.924729919433593750e+01
2.964617538452148438e+01
2.931720542907714844e+01
2.967219924926757812e+01
2.966259765625000000e+01
2.874888420104980469e+01
2.831816482543945312e+01
2.872714042663574219e+01
2.954396820068359375e+01
2.756178474426269531e+01
3.017996788024902344e+01
3.015961456298828125e+01
3.097497177124023438e+01
2.908616447448730469e+01
3.140566825866699219e+01
3.078590393066406250e+01
2.926170158386230469e+01
3.152326583862304688e+01
3.023102951049804688e+01
3.319146728515625000e+01
3.042581558227539062e+01
2.979807472229003906e+01
3.052153587341308594e+01
3.140556716918945312e+01
3.202576828002929688e+01
3.060015296936035156e+01
3.066080284118652344e+01
3.056237983703613281e+01
2.898992919921875000e+01
3.152903938293457031e+01
2.978722190856933594e+01
3.025157356262207031e+01
3.059898757934570312e+01
2.885075569152832031e+01
2.966075515747070312e+01
3.217874145507812500e+01
3.052005386352539062e+01
2.866121292114257812e+01
2.959477424621582031e+01
3.037258529663085938e+01
3.047959709167480469e+01
2.916424179077148438e+01
3.142310142517089844e+01
3.363133239746093750e+01
3.129048919677734375e+01
2.963994216918945312e+01
2.971599006652832031e+01
3.039877128601074219e+01
3.234109497070312500e+01
3.069534873962402344e+01
3.127062416076660156e+01
3.106683158874511719e+01
3.165145492553710938e+01
3.093305397033691406e+01
3.058714675903320312e+01
3.143037033081054688e+01
3.078096961975097656e+01
3.150685501098632812e+01
3.130889701843261719e+01
3.060963249206542969e+01
3.092263603210449219e+01
2.826593780517578125e+01
2.995095443725585938e+01
2.979311561584472656e+01
2.960546875000000000e+01
3.163179779052734375e+01
3.060040092468261719e+01
3.185169029235839844e+01
3.271271133422851562e+01
3.026196479797363281e+01
3.048120689392089844e+01
3.010948944091796875e+01
2.988269615173339844e+01
2.979864501953125000e+01
3.096098136901855469e+01
3.216030502319335938e+01
3.084413909912109375e+01
2.843315696716308594e+01
2.990149116516113281e+01
3.001687812805175781e+01
2.860155487060546875e+01
3.085977172851562500e+01
3.265586853027343750e+01
2.982063865661621094e+01
2.912765502929687500e+01
3.033205032348632812e+01
3.033503913879394531e+01
2.980409431457519531e+01
3.081305122375488281e+01
3.194275283813476562e+01
3.218051147460937500e+01
3.297177505493164062e+01
3.217220687866210938e+01
3.227966308593750000e+01
3.071246147155761719e+01
2.990707778930664062e+01
3.264519882202148438e+01
2.998785591125488281e+01
3.325521850585937500e+01
2.990595817565917969e+01
3.121963310241699219e+01
3.010183143615722656e+01
2.899619102478027344e+01
3.103916740417480469e+01
2.878488349914550781e+01
3.001635742187500000e+01
3.118347358703613281e+01
3.162515258789062500e+01
3.007327461242675781e+01
3.120406723022460938e+01
3.148058700561523438e+01
3.191375923156738281e+01
3.283134841918945312e+01
3.222882843017578125e+01
3.150746536254882812e+01
3.060279655456542969e+01
3.325803375244140625e+01
3.131892967224121094e+01
3.102398300170898438e+01
3.175037574768066406e+01
3.053805541992187500e+01
3.103410339355468750e+01
3.133716011047363281e+01
3.319691467285156250e+01
3.052684402465820312e+01
3.164546394348144531e+01
3.156905555725097656e+01
3.265275573730468750e+01
3.147301864624023438e+01
3.290312576293945312e+01
3.276691055297851562e+01
3.239105224609375000e+01
3.155724716186523438e+01
3.283837127685546875e+01
3.027532768249511719e+01
3.183802795410156250e+01
3.062623405456542969e+01
3.236696624755859375e+01
3.143448448181152344e+01
3.175025367736816406e+01
3.280733489990234375e+01
3.097600746154785156e+01
3.225638961791992188e+01
3.039611434936523438e+01
3.208534622192382812e+01
3.208751678466796875e+01
3.559876251220703125e+01
3.187437438964843750e+01
3.360686874389648438e+01
3.356948089599609375e+01
3.303552627563476562e+01
3.160947036743164062e+01
3.271448898315429688e+01
3.376554107666015625e+01
3.349956512451171875e+01
3.330877304077148438e+01
3.120052528381347656e+01
3.327577972412109375e+01
3.299772262573242188e+01
3.118046760559082031e+01
3.266566085815429688e+01
2.955472564697265625e+01
3.159064483642578125e+01
3.389729690551757812e+01
3.223357772827148438e+01
3.356588745117187500e+01
3.218771362304687500e+01
3.147944068908691406e+01
3.447982788085937500e+01
3.334330749511718750e+01
3.225848007202148438e+01
3.279091262817382812e+01
3.238105392456054688e+01
3.337402343750000000e+01
3.042917823791503906e+01
3.148734855651855469e+01
3.164617919921875000e+01
3.143682479858398438e+01
3.288912582397460938e+01
3.359102630615234375e+01
3.203017425537109375e+01
3.345645523071289062e+01
3.391942596435546875e+01
3.360195922851562500e+01
3.346001052856445312e+01
3.190105438232421875e+01
3.428429031372070312e+01
3.356847763061523438e+01
3.280355453491210938e+01
3.322861480712890625e+01
3.060079765319824219e+01
3.254329681396484375e+01
3.271161651611328125e+01
3.178823471069335938e+01
3.280813980102539062e+01
3.005607795715332031e+01
3.000863265991210938e+01
3.173965263366699219e+01
3.248803329467773438e+01
3.302181243896484375e+01
3.122183418273925781e+01
3.313615798950195312e+01
3.372975158691406250e+01
3.429119491577148438e+01
3.564694213867187500e+01
3.329626464843750000e+01
3.335837173461914062e+01
3.278424835205078125e+01
3.231217956542968750e+01
3.314323425292968750e+01
3.645668029785156250e+01
3.236468505859375000e+01
3.245214462280273438e+01
3.543123626708984375e+01
3.244363403320312500e+01
3.209282684326171875e+01
3.460520935058593750e+01
3.471897125244140625e+01
3.360739898681640625e+01
3.181896591186523438e+01
3.432058715820312500e+01
3.501734161376953125e+01
3.245329284667968750e+01
3.090533447265625000e+01
3.332890319824218750e+01
3.087317466735839844e+01
3.233622741699218750e+01
3.229919433593750000e+01
3.424589538574218750e+01
3.461586761474609375e+01
3.242531204223632812e+01
3.278052139282226562e+01
3.002622222900390625e+01
3.221017456054687500e+01
3.119454383850097656e+01
3.062971496582031250e+01
3.375238800048828125e+01
3.251418685913085938e+01
3.402848434448242188e+01
3.566094970703125000e+01
3.450996398925781250e+01
3.611130905151367188e+01
3.303902435302734375e+01
3.246342849731445312e+01
3.358147811889648438e+01
3.394277191162109375e+01
3.266027069091796875e+01
3.346299362182617188e+01
3.375019454956054688e+01
3.366130065917968750e+01
3.260544586181640625e+01
3.243165588378906250e+01
3.342759323120117188e+01
3.403121948242187500e+01
3.619647598266601562e+01
3.148375320434570312e+01
3.196090888977050781e+01
3.277999877929687500e+01
3.256822586059570312e+01
3.289928054809570312e+01
3.326438903808593750e+01
3.239066314697265625e+01
3.191976165771484375e+01
3.674119186401367188e+01
3.326261901855468750e+01
3.378482055664062500e+01
3.309343338012695312e+01
3.709986114501953125e+01
3.491696548461914062e+01
3.265787124633789062e+01
3.520583343505859375e+01
3.422596359252929688e+01
3.265479660034179688e+01
3.129712104797363281e+01
3.454215621948242188e+01
3.138752746582031250e+01
3.366872024536132812e+01
3.243923950195312500e+01
3.470572662353515625e+01
3.362499618530273438e+01
3.358103561401367188e+01
3.249367141723632812e+01
3.585250473022460938e+01
3.380939483642578125e+01
3.607138061523437500e+01
3.567202758789062500e+01
3.607500076293945312e+01
3.446683883666992188e+01
3.551784896850585938e+01
3.522777175903320312e+01
3.449233627319335938e+01
3.399830245971679688e+01
3.178232383728027344e+01
3.536474990844726562e+01
3.408230590820312500e+01
3.345454788208007812e+01
3.342350769042968750e+01
3.034350013732910156e+01
3.450562286376953125e+01
3.477041625976562500e+01
3.401973342895507812e+01
3.667446136474609375e+01
3.271368789672851562e+01
3.287825393676757812e+01
3.351435852050781250e+01
3.381442260742187500e+01
3.521300125122070312e+01
3.731198501586914062e+01
3.424311828613281250e+01
3.237178802490234375e+01
3.167824554443359375e+01
3.421649169921875000e+01
3.228386306762695312e+01
3.425616836547851562e+01
3.325266265869140625e+01
3.452439117431640625e+01
3.343048095703125000e+01
3.472951507568359375e+01
3.611627960205078125e+01
3.414059448242187500e+01
3.287860870361328125e+01
3.503371047973632812e+01
3.320675659179687500e+01
3.276046752929687500e+01
3.550026321411132812e+01
3.600102996826171875e+01
3.513900756835937500e+01
3.610041427612304688e+01
3.463111114501953125e+01
3.976421356201171875e+01
3.636911010742187500e+01
3.533380508422851562e+01
3.589442062377929688e+01
3.611590194702148438e+01
3.785203552246093750e+01
3.882275772094726562e+01
3.830566024780273438e+01
3.710160446166992188e+01
3.596424865722656250e+01
3.738177490234375000e+01
3.452807998657226562e+01
3.531824493408203125e+01
3.655987548828125000e+01
3.920337677001953125e+01
3.701005172729492188e+01
3.700474548339843750e+01
3.701477813720703125e+01
3.757859420776367188e+01
3.808127212524414062e+01
3.659076690673828125e+01
3.784064865112304688e+01
3.715884780883789062e+01
3.489685821533203125e+01
3.816962051391601562e+01
3.387363815307617188e+01
3.768407821655273438e+01
3.553215026855468750e+01
3.804134368896484375e+01
3.676116561889648438e+01
3.859580612182617188e+01
3.683765029907226562e+01
3.796406936645507812e+01
3.742164230346679688e+01
3.657395172119140625e+01
3.822418594360351562e+01
3.960865020751953125e+01
3.818661880493164062e+01
3.994525909423828125e+01
3.648458480834960938e+01
3.739026641845703125e+01
3.665626525878906250e+01
3.490237045288085938e+01
3.611061096191406250e+01
3.505342102050781250e+01
3.791062545776367188e+01
3.814961624145507812e+01
3.388100814819335938e+01
3.765110015869140625e+01
3.770428085327148438e+01
3.632677459716796875e+01
3.593992233276367188e+01
3.710211563110351562e+01
3.897645950317382812e+01
3.867544174194335938e+01
3.978470993041992188e+01
3.738564682006835938e+01
3.781813430786132812e+01
3.763157272338867188e+01
3.655541229248046875e+01
3.903526687622070312e+01
3.805310058593750000e+01
3.976856231689453125e+01
3.777128601074218750e+01
3.678508758544921875e+01
3.872489166259765625e+01
3.700339508056640625e+01
3.822348403930664062e+01
3.906664657592773438e+01
3.453656387329101562e+01
3.523960876464843750e+01
3.630655670166015625e+01
3.871324920654296875e+01
3.682858657836914062e+01
3.821694564819335938e+01
3.878055572509765625e+01
3.753381347656250000e+01
3.970360183715820312e+01
3.708106613159179688e+01
3.467617034912109375e+01
3.588765716552734375e+01
3.662660598754882812e+01
3.864360046386718750e+01
3.696342086791992188e+01
3.544908523559570312e+01
3.757399749755859375e+01
3.723313140869140625e+01
3.683387374877929688e+01
4.026437759399414062e+01
3.740650177001953125e+01
3.595510864257812500e+01
3.745703506469726562e+01
3.544079208374023438e+01
3.785336303710937500e+01
3.932414245605468750e+01
3.631432723999023438e+01
4.038217544555664062e+01
3.659909820556640625e+01
3.448675155639648438e+01
3.390667343139648438e+01
3.736222839355468750e+01
3.631804275512695312e+01
3.683721923828125000e+01
3.712046813964843750e+01
3.817663955688476562e+01
4.051345443725585938e+01
3.901881408691406250e+01
3.597262573242187500e+01
3.837646102905273438e+01
3.856814956665039062e+01
3.896765136718750000e+01
3.950161743164062500e+01
4.166177749633789062e+01
3.500285339355468750e+01
3.460309982299804688e+01
3.904430007934570312e+01
3.736412429809570312e+01
4.109281158447265625e+01
4.103435134887695312e+01
3.925877380371093750e+01
3.698424148559570312e+01
3.880248641967773438e+01
3.712546157836914062e+01
4.252940750122070312e+01
3.571196746826171875e+01
3.977245330810546875e+01
3.530178833007812500e+01
3.701198577880859375e+01
3.885995101928710938e+01
3.754466247558593750e+01
3.949854660034179688e+01
3.845365524291992188e+01
3.794674301147460938e+01
3.634567642211914062e+01
3.467028427124023438e+01
3.534650802612304688e+01
3.676594924926757812e+01
3.838438034057617188e+01
3.745924758911132812e+01
3.853536605834960938e+01
3.719781875610351562e+01
4.047727203369140625e+01
3.465631103515625000e+01
3.856142044067382812e+01
3.811378860473632812e+01
4.202872467041015625e+01
3.837979888916015625e+01
3.774199676513671875e+01
3.878807830810546875e+01
4.025963973999023438e+01
3.963491439819335938e+01
3.825152206420898438e+01
3.436862564086914062e+01
3.650412368774414062e+01
3.803592300415039062e+01
3.675726318359375000e+01
4.223509597778320312e+01
4.207635116577148438e+01
3.736796951293945312e+01
3.633795166015625000e+01
3.622514724731445312e+01
3.746689224243164062e+01
3.555591583251953125e+01
3.627363967895507812e+01
3.864472579956054688e+01
3.686242675781250000e+01
3.906584548950195312e+01
4.279688262939453125e+01
3.820414733886718750e+01
3.677647399902343750e+01
3.840610885620117188e+01
4.062693786621093750e+01
3.630527496337890625e+01
3.877066421508789062e+01
3.976161575317382812e+01
3.794431304931640625e+01
3.390426635742187500e+01
3.611117935180664062e+01
3.795737838745117188e+01
3.635666656494140625e+01
3.837676620483398438e+01
3.892590713500976562e+01
3.732488632202148438e+01
3.890377044677734375e+01
3.787736892700195312e+01
3.997217178344726562e+01
3.884055709838867188e+01
3.918176651000976562e+01
3.828529739379882812e+01
4.111363220214843750e+01
3.707435226440429688e+01
3.807603073120117188e+01
3.776316452026367188e+01
4.133769989013671875e+01
3.879131317138671875e+01
4.022737503051757812e+01
3.578923416137695312e+01
4.101370239257812500e+01
3.662735748291015625e+01
3.751731872558593750e+01
4.093741226196289062e+01
3.837998580932617188e+01
3.591571807861328125e+01
3.907810211181640625e+01
4.007878112792968750e+01
3.881273269653320312e+01
3.815586471557617188e+01
4.026014709472656250e+01
4.047566986083984375e+01
3.871120834350585938e+01
4.068436813354492188e+01
3.909164047241210938e+01
3.997492980957031250e+01
3.876232910156250000e+01
4.101347351074218750e+01
3.865200805664062500e+01
4.149663162231445312e+01
3.902182388305664062e+01
3.774502182006835938e+01
4.146389770507812500e+01
4.001209640502929688e+01
3.785921478271484375e+01
4.032197570800781250e+01
3.988282012939453125e+01
3.610795211791992188e+01
3.963962936401367188e+01
4.152525329589843750e+01
4.008021926879882812e+01
4.036852264404296875e+01
4.161820220947265625e+01
3.875617980957031250e+01
3.784123611450195312e+01
3.777365493774414062e+01
3.734271240234375000e+01
3.470434188842773438e+01
3.961228942871093750e+01
4.070501708984375000e+01
3.979013061523437500e+01
3.753666305541992188e+01
3.906090545654296875e+01
3.882754516601562500e+01
3.995219802856445312e+01
3.973118209838867188e+01
3.807405090332031250e+01
3.729799270629882812e+01
3.631274032592773438e+01
3.630099487304687500e+01
3.698711776733398438e+01
3.819079208374023438e+01
3.799672698974609375e+01
3.971451568603515625e+01
3.853801345825195312e+01
3.784984207153320312e+01
3.783462524414062500e+01
3.875408554077148438e+01
3.871201324462890625e+01
4.194421005249023438e+01
3.730479812622070312e+01
4.405469512939453125e+01
3.675510787963867188e+01
3.804394531250000000e+01
3.521959304809570312e+01
3.660812377929687500e+01
3.679133605957031250e+01
3.847905349731445312e+01
3.611906814575195312e+01
3.865115737915039062e+01
4.021535491943359375e+01
3.900042724609375000e+01
3.880335235595703125e+01
3.649399566650390625e+01
3.793272018432617188e+01
3.966716384887695312e+01
3.820569610595703125e+01
4.098362350463867188e+01
3.583905029296875000e+01
3.902379608154296875e+01
3.716809463500976562e+01
4.182748031616210938e+01
3.704411697387695312e+01
3.786681747436523438e+01
3.753418731689453125e+01
3.864073944091796875e+01
4.053273010253906250e+01
3.849678039550781250e+01
4.169689178466796875e+01
3.943467330932617188e+01
3.670145416259765625e+01
3.873773574829101562e+01
4.004322052001953125e+01
3.857183456420898438e+01
3.449197387695312500e+01
3.579023742675781250e+01
3.686098861694335938e+01
3.922582244873046875e+01
3.497313690185546875e+01
3.298365783691406250e+01
3.444692230224609375e+01
3.624997711181640625e+01
3.754961013793945312e+01
3.590332794189453125e+01
3.550563430786132812e+01
3.489329147338867188e+01
3.538281250000000000e+01
3.856109237670898438e+01
3.754042053222656250e+01
3.361275482177734375e+01
3.728499603271484375e+01
3.609494781494140625e+01
3.931930541992187500e+01
3.731947326660156250e+01
3.758346176147460938e+01
3.629961013793945312e+01
3.605599212646484375e+01
4.132770156860351562e+01
3.460726547241210938e+01
3.721749114990234375e+01
3.655591201782226562e+01
3.654048538208007812e+01
3.803582000732421875e+01
4.127853393554687500e+01
3.893207931518554688e+01
3.676700592041015625e+01
3.704291534423828125e+01
3.904774093627929688e+01
3.834692001342773438e+01
3.673471069335937500e+01
4.087289810180664062e+01
3.889852905273437500e+01
3.982579803466796875e+01
4.138228988647460938e+01
3.783442687988281250e+01
3.880350494384765625e+01
3.863040161132812500e+01
4.096828079223632812e+01
4.097232818603515625e+01
3.909580612182617188e+01
3.781251525878906250e+01
3.496662521362304688e+01
3.587265014648437500e+01
3.943297576904296875e+01
3.835189819335937500e+01
3.576050949096679688e+01
4.067188262939453125e+01
3.705105972290039062e+01
3.702288055419921875e+01
3.510362625122070312e+01
3.945310211181640625e+01
3.609179687500000000e+01
3.627066802978515625e+01
3.606897735595703125e+01
3.795264053344726562e+01
3.621073532104492188e+01
3.605667877197265625e+01
3.671588897705078125e+01
3.501451873779296875e+01
3.742008209228515625e+01
3.607056045532226562e+01
3.396752166748046875e+01
3.880943679809570312e+01
3.654222869873046875e+01
3.685199356079101562e+01
3.638171768188476562e+01
3.964242172241210938e+01
3.555545806884765625e+01
3.628452682495117188e+01
3.478202438354492188e+01
3.736351394653320312e+01
3.739702606201171875e+01
3.916535949707031250e+01
3.644186401367187500e+01
3.647724151611328125e+01
4.025920486450195312e+01
3.762890625000000000e+01
3.977581024169921875e+01
4.042449188232421875e+01
3.964789199829101562e+01
3.985419464111328125e+01
3.673496627807617188e+01
3.959148406982421875e+01
3.530686187744140625e+01
4.064843750000000000e+01
3.981019592285156250e+01
3.740259170532226562e+01
3.886578369140625000e+01
3.860701751708984375e+01
3.926827239990234375e+01
4.263919067382812500e+01
3.600759506225585938e+01
4.306238174438476562e+01
3.650321197509765625e+01
3.986405944824218750e+01
3.694351577758789062e+01
3.899302673339843750e+01
3.452541351318359375e+01
3.721572494506835938e+01
3.903939056396484375e+01
3.665036773681640625e+01
3.659978103637695312e+01
3.775059890747070312e+01
3.996957015991210938e+01
3.860458755493164062e+01
3.615693664550781250e+01
3.906615447998046875e+01
3.563668060302734375e+01
3.795940399169921875e+01
3.833588027954101562e+01
3.611313247680664062e+01
3.787139129638671875e+01
3.504111099243164062e+01
3.574746704101562500e+01
3.690929031372070312e+01
3.908567810058593750e+01
4.124443435668945312e+01
4.153122711181640625e+01
3.771614456176757812e+01
3.954500579833984375e+01
4.096382522583007812e+01
3.691085052490234375e+01
4.249090576171875000e+01
4.284235000610351562e+01
4.471960067749023438e+01
4.395025634765625000e+01
4.066449737548828125e+01
4.354836654663085938e+01
4.271341705322265625e+01
4.387569427490234375e+01
4.496016311645507812e+01
4.483678817749023438e+01
4.121665573120117188e+01
4.186447525024414062e+01
4.220511627197265625e+01
4.306744384765625000e+01
4.233639526367187500e+01
4.327235031127929688e+01
3.903268432617187500e+01
4.612394714355468750e+01
4.465251541137695312e+01
4.329824829101562500e+01
4.229634475708007812e+01
4.678530120849609375e+01
4.152725982666015625e+01
4.068696594238281250e+01
3.987928771972656250e+01
4.121651458740234375e+01
4.278674316406250000e+01
4.629935073852539062e+01
4.208092117309570312e+01
4.715674591064453125e+01
4.571170425415039062e+01
4.730026626586914062e+01
4.351341247558593750e+01
3.964520263671875000e+01
4.459649276733398438e+01
4.441785812377929688e+01
4.444883346557617188e+01
4.576244354248046875e+01
4.063359832763671875e+01
4.400172042846679688e+01
4.481557083129882812e+01
4.720399093627929688e+01
4.220842742919921875e+01
4.409818649291992188e+01
4.186404418945312500e+01
4.446619796752929688e+01
4.633849716186523438e+01
4.423508834838867188e+01
4.574617767333984375e+01
4.590846252441406250e+01
4.632266616821289062e+01
4.465590667724609375e+01
4.401787185668945312e+01
4.327165603637695312e+01
4.469202423095703125e+01
4.662515258789062500e+01
4.405526351928710938e+01
4.402910614013671875e+01
4.560333251953125000e+01
4.545700454711914062e+01
4.367525100708007812e+01
4.967314910888671875e+01
4.669812393188476562e+01
4.378160858154296875e+01
4.513361740112304688e+01
4.708271789550781250e+01
5.051888275146484375e+01
4.982254791259765625e+01
4.016632461547851562e+01
4.916771697998046875e+01
4.729542160034179688e+01
4.834118652343750000e+01
4.874033737182617188e+01
4.886638259887695312e+01
5.190716934204101562e+01
4.875279998779296875e+01
5.086544418334960938e+01
4.780983734130859375e+01
5.196189880371093750e+01
4.998532104492187500e+01
4.795751190185546875e+01
5.179261779785156250e+01
5.056857681274414062e+01
5.150054168701171875e+01
4.676676940917968750e+01
5.328179931640625000e+01
4.972222900390625000e+01
4.657421875000000000e+01
5.008847427368164062e+01
4.689589309692382812e+01
4.872733688354492188e+01
5.011247634887695312e+01
5.122719573974609375e+01
4.892579650878906250e+01
4.961194229125976562e+01
5.053919219970703125e+01
5.164793395996093750e+01
4.676524353027343750e+01
5.130213928222656250e+01
5.480670166015625000e+01
5.288519668579101562e+01
4.777436828613281250e+01
5.206379699707031250e+01
5.264452362060546875e+01
5.141461944580078125e+01
4.796179580688476562e+01
4.698912429809570312e+01
5.350448608398437500e+01
5.219497680664062500e+01
