0.000000000000000000e+00
0.000000000000000000e+00
0.000000000000000000e+00
0.000000000000000000e+00
0.000000000000000000e+00
1.348916292190551758e+00
1.653957486152648926e+00
1.606553554534912109e+00
1.541430950164794922e+00
1.449540734291076660e+00
1.363944530487060547e+00
1.399435758590698242e+00
1.321726322174072266e+00
1.653131127357482910e+00
1.998907923698425293e+00
2.320190906524658203e+00
2.746569871902465820e+00
2.885294914245605469e+00
3.086653232574462891e+00
3.047518968582153320e+00
3.073980569839477539e+00
3.110987901687622070e+00
3.108589172363281250e+00
3.155453205108642578e+00
3.347864627838134766e+00
3.179942131042480469e+00
3.106268167495727539e+00
2.959772348403930664e+00
2.859567403793334961e+00
2.738055229187011719e+00
2.647057533264160156e+00
2.488657236099243164e+00
2.322960138320922852e+00
2.168404817581176758e+00
2.019616365432739258e+00
1.952117443084716797e+00
1.850806474685668945e+00
1.744425773620605469e+00
1.752798199653625488e+00
1.656301021575927734e+00
1.629283428192138672e+00
1.591034650802612305e+00
1.546026468276977539e+00
1.511444687843322754e+00
1.501914143562316895e+00
1.460900425910949707e+00
1.452456355094909668e+00
1.420500516891479492e+00
1.436012744903564453e+00
1.390206575393676758e+00
1.365378141403198242e+00
1.348467707633972168e+00
1.305150628089904785e+00
1.299860835075378418e+00
1.279739260673522949e+00
1.250895261764526367e+00
1.237126469612121582e+00
1.220310091972351074e+00
1.173818826675415039e+00
1.157911181449890137e+00
1.133669137954711914e+00
1.128247022628784180e+00
1.123177289962768555e+00
1.108835697174072266e+00
1.098362803459167480e+00
1.091686248779296875e+00
1.104088902473449707e+00
1.102161169052124023e+00
1.116308093070983887e+00
1.116030216217041016e+00
1.111707568168640137e+00
1.111314773559570312e+00
1.108355879783630371e+00
1.128402709960937500e+00
1.149079203605651855e+00
1.142883658409118652e+00
1.148796200752258301e+00
1.177814126014709473e+00
1.199798583984375000e+00
1.200323939323425293e+00
1.225926041603088379e+00
1.223871350288391113e+00
1.229448199272155762e+00
1.284117937088012695e+00
1.256194114685058594e+00
1.309140920639038086e+00
1.352849125862121582e+00
1.349459767341613770e+00
1.317901134490966797e+00
1.396651506423950195e+00
1.332528829574584961e+00
1.371421933174133301e+00
1.450040817260742188e+00
1.552027583122253418e+00
1.472838521003723145e+00
1.600275516510009766e+00
1.635275006294250488e+00
1.612265229225158691e+00
1.653276681900024414e+00
1.628204107284545898e+00
1.642939448356628418e+00
1.666803956031799316e+00
1.764590382575988770e+00
1.796044945716857910e+00
1.846992731094360352e+00
1.835346937179565430e+00
1.890870094299316406e+00
2.051499366760253906e+00
1.994603991508483887e+00
1.984671592712402344e+00
2.171577215194702148e+00
2.061926841735839844e+00
2.148760557174682617e+00
2.172139644622802734e+00
2.072465419769287109e+00
2.257143974304199219e+00
2.186852216720581055e+00
2.183424234390258789e+00
2.198889970779418945e+00
2.355005264282226562e+00
2.366736412048339844e+00
2.148543357849121094e+00
2.353972673416137695e+00
2.229243993759155273e+00
2.437795400619506836e+00
2.373068809509277344e+00
2.444217205047607422e+00
2.449606895446777344e+00
2.640595197677612305e+00
2.398807764053344727e+00
2.533277273178100586e+00
2.622101068496704102e+00
2.686219692230224609e+00
2.753745079040527344e+00
2.335019826889038086e+00
2.561158180236816406e+00
2.556449890136718750e+00
2.553014278411865234e+00
2.761661767959594727e+00
2.824440479278564453e+00
2.874969959259033203e+00
2.675178766250610352e+00
2.922729730606079102e+00
3.001933574676513672e+00
2.696352481842041016e+00
2.775169849395751953e+00
2.742434978485107422e+00
2.641163110733032227e+00
2.670485734939575195e+00
2.911130428314208984e+00
2.814871549606323242e+00
2.605256795883178711e+00
2.753309011459350586e+00
2.653164625167846680e+00
2.985711574554443359e+00
2.716372966766357422e+00
2.730401515960693359e+00
2.759582996368408203e+00
2.814187288284301758e+00
2.710045576095581055e+00
2.757293939590454102e+00
3.010905265808105469e+00
2.567281961441040039e+00
2.598089218139648438e+00
2.567692279815673828e+00
2.692100048065185547e+00
2.765284061431884766e+00
2.844508886337280273e+00
2.700788021087646484e+00
2.755115985870361328e+00
2.573393583297729492e+00
2.932442903518676758e+00
2.756285667419433594e+00
2.884932041168212891e+00
2.501360893249511719e+00
2.849826097488403320e+00
2.954260349273681641e+00
3.012676239013671875e+00
3.003857135772705078e+00
2.736388206481933594e+00
2.909450769424438477e+00
3.011385679244995117e+00
2.658464908599853516e+00
3.077413558959960938e+00
2.857690811157226562e+00
3.039120197296142578e+00
3.244275808334350586e+00
2.974426269531250000e+00
2.934890985488891602e+00
3.009406805038452148e+00
2.917731523513793945e+00
3.075171232223510742e+00
2.975623130798339844e+00
3.071565389633178711e+00
2.678695440292358398e+00
3.187935352325439453e+00
2.804494857788085938e+00
3.135120153427124023e+00
2.758993387222290039e+00
3.069505691528320312e+00
3.125439405441284180e+00
3.243292331695556641e+00
3.076784133911132812e+00
3.159243822097778320e+00
3.184743881225585938e+00
2.786588907241821289e+00
2.957195520401000977e+00
3.295428752899169922e+00
2.935425519943237305e+00
3.078715085983276367e+00
2.946920156478881836e+00
3.187980413436889648e+00
3.055409908294677734e+00
2.893146753311157227e+00
2.776571750640869141e+00
3.165764570236206055e+00
2.779446363449096680e+00
2.798000574111938477e+00
3.018159151077270508e+00
3.588722229003906250e+00
3.327140808105468750e+00
2.923114776611328125e+00
3.523362398147583008e+00
2.712922811508178711e+00
2.990853786468505859e+00
2.978421688079833984e+00
3.132879734039306641e+00
2.946746110916137695e+00
2.935833692550659180e+00
3.072908401489257812e+00
2.962671041488647461e+00
2.905708074569702148e+00
3.321847915649414062e+00
3.179996013641357422e+00
3.144546985626220703e+00
2.985261201858520508e+00
2.920739173889160156e+00
2.983935356140136719e+00
3.107398986816406250e+00
3.007197618484497070e+00
2.888953208923339844e+00
3.016591310501098633e+00
2.828362941741943359e+00
2.912931680679321289e+00
2.919353008270263672e+00
2.880580663681030273e+00
2.914550542831420898e+00
2.891645193099975586e+00
2.946227788925170898e+00
2.793059825897216797e+00
2.889702320098876953e+00
2.863232374191284180e+00
2.939795732498168945e+00
2.814974784851074219e+00
3.083192825317382812e+00
2.953897237777709961e+00
2.968831777572631836e+00
2.747661113739013672e+00
2.964759826660156250e+00
2.818582296371459961e+00
2.997166633605957031e+00
2.764115571975708008e+00
3.158328533172607422e+00
2.953184604644775391e+00
2.619872093200683594e+00
2.678686141967773438e+00
2.882156133651733398e+00
2.657099723815917969e+00
2.546501636505126953e+00
2.666247606277465820e+00
2.603557586669921875e+00
2.704165458679199219e+00
3.490327596664428711e+00
2.483380794525146484e+00
2.816835165023803711e+00
2.906726598739624023e+00
2.438239574432373047e+00
2.668469667434692383e+00
2.232168912887573242e+00
2.457794666290283203e+00
2.208313226699829102e+00
2.499502897262573242e+00
2.468537807464599609e+00
2.457319736480712891e+00
2.424045324325561523e+00
2.479597568511962891e+00
2.206505537033081055e+00
2.212780714035034180e+00
2.670654535293579102e+00
3.175503969192504883e+00
2.493414640426635742e+00
2.271523475646972656e+00
2.449729681015014648e+00
2.566818475723266602e+00
2.549716949462890625e+00
2.185415029525756836e+00
2.281658887863159180e+00
2.340040445327758789e+00
2.207900285720825195e+00
2.175763607025146484e+00
2.301045894622802734e+00
2.434278488159179688e+00
1.800418734550476074e+00
2.127829074859619141e+00
2.805134057998657227e+00
2.774020433425903320e+00
2.597278356552124023e+00
2.928413867950439453e+00
2.506927728652954102e+00
2.580297946929931641e+00
2.604645013809204102e+00
2.577025413513183594e+00
3.062124967575073242e+00
2.512998580932617188e+00
2.487770557403564453e+00
2.610023498535156250e+00
3.149560928344726562e+00
2.815794467926025391e+00
2.857544422149658203e+00
2.917082548141479492e+00
2.674957513809204102e+00
3.101261377334594727e+00
2.613789558410644531e+00
2.530446529388427734e+00
3.464281082153320312e+00
2.882836341857910156e+00
2.800535678863525391e+00
2.720989942550659180e+00
2.597475528717041016e+00
3.492735624313354492e+00
3.405444860458374023e+00
2.883703231811523438e+00
2.594503402709960938e+00
2.757962465286254883e+00
3.144110202789306641e+00
2.970753431320190430e+00
3.944771766662597656e+00
3.615993261337280273e+00
2.866078853607177734e+00
3.169913530349731445e+00
2.941027402877807617e+00
3.303352594375610352e+00
3.589327335357666016e+00
3.238484144210815430e+00
3.417590141296386719e+00
3.329996109008789062e+00
3.810886621475219727e+00
4.038622856140136719e+00
4.102818012237548828e+00
3.927715301513671875e+00
4.180623054504394531e+00
4.338174343109130859e+00
4.065702438354492188e+00
4.247876167297363281e+00
4.432032585144042969e+00
3.766416311264038086e+00
3.951501846313476562e+00
4.044885158538818359e+00
4.253955364227294922e+00
4.572361469268798828e+00
4.040689945220947266e+00
4.480884075164794922e+00
4.266333103179931641e+00
4.440793037414550781e+00
4.261433601379394531e+00
4.235886573791503906e+00
4.441148281097412109e+00
4.562683582305908203e+00
5.125227451324462891e+00
5.025321483612060547e+00
4.098477363586425781e+00
4.485138416290283203e+00
4.868821620941162109e+00
4.931701183319091797e+00
4.508239269256591797e+00
5.094674110412597656e+00
5.373664379119873047e+00
5.273434162139892578e+00
5.364872455596923828e+00
5.082255840301513672e+00
4.837878704071044922e+00
5.142006874084472656e+00
4.635540962219238281e+00
5.142520427703857422e+00
4.888754844665527344e+00
5.488141536712646484e+00
5.495159149169921875e+00
5.182278156280517578e+00
5.206962108612060547e+00
4.789415836334228516e+00
5.227843761444091797e+00
4.794698238372802734e+00
4.603409767150878906e+00
5.254520893096923828e+00
4.969543457031250000e+00
5.671018123626708984e+00
5.208905696868896484e+00
5.594376087188720703e+00
5.566042900085449219e+00
5.819393157958984375e+00
5.694695472717285156e+00
5.405790805816650391e+00
5.502256393432617188e+00
5.676627159118652344e+00
5.595558643341064453e+00
5.559265136718750000e+00
5.815252304077148438e+00
5.694780349731445312e+00
6.029134750366210938e+00
6.073145389556884766e+00
5.810619831085205078e+00
6.379735469818115234e+00
5.984537601470947266e+00
6.288860797882080078e+00
6.301939487457275391e+00
5.647888660430908203e+00
5.765275478363037109e+00
5.509978294372558594e+00
6.085702896118164062e+00
6.866645336151123047e+00
6.590484142303466797e+00
6.438572406768798828e+00
5.669000625610351562e+00
6.049089431762695312e+00
6.071388244628906250e+00
6.460556507110595703e+00
6.108455181121826172e+00
6.361738204956054688e+00
6.343079566955566406e+00
6.594847202301025391e+00
5.670297622680664062e+00
7.060260772705078125e+00
7.141005039215087891e+00
6.642363548278808594e+00
6.422696113586425781e+00
6.826752662658691406e+00
7.079820156097412109e+00
6.459352970123291016e+00
6.801848411560058594e+00
6.279339790344238281e+00
6.525177955627441406e+00
6.703985691070556641e+00
6.358915328979492188e+00
6.794317245483398438e+00
6.052348613739013672e+00
6.199460983276367188e+00
6.539238929748535156e+00
6.985055446624755859e+00
6.362189292907714844e+00
6.436151981353759766e+00
7.106646537780761719e+00
7.256292819976806641e+00
6.791560173034667969e+00
6.789119243621826172e+00
6.744212150573730469e+00
6.879835128784179688e+00
6.664211273193359375e+00
6.560163021087646484e+00
7.098070144653320312e+00
6.665338516235351562e+00
6.645098686218261719e+00
7.595858097076416016e+00
6.943513870239257812e+00
6.954920768737792969e+00
7.208330154418945312e+00
6.853084087371826172e+00
7.259033203125000000e+00
7.731670856475830078e+00
6.611530303955078125e+00
7.170721054077148438e+00
6.744677543640136719e+00
6.598480701446533203e+00
7.023456096649169922e+00
7.116887569427490234e+00
7.289194107055664062e+00
7.443807601928710938e+00
7.332325458526611328e+00
8.016196250915527344e+00
6.912047863006591797e+00
7.423234462738037109e+00
7.595194339752197266e+00
7.759368419647216797e+00
7.891772270202636719e+00
7.501902580261230469e+00
7.591382503509521484e+00
7.243269443511962891e+00
8.007089614868164062e+00
8.506728172302246094e+00
7.189854621887207031e+00
7.860472679138183594e+00
8.301668167114257812e+00
7.335819721221923828e+00
7.632998943328857422e+00
8.626205444335937500e+00
7.691184997558593750e+00
8.214590072631835938e+00
8.486840248107910156e+00
8.100486755371093750e+00
7.988349437713623047e+00
8.011099815368652344e+00
7.754485130310058594e+00
7.865184307098388672e+00
8.449975013732910156e+00
9.667092323303222656e+00
8.672739982604980469e+00
8.410844802856445312e+00
8.758677482604980469e+00
8.447164535522460938e+00
9.241539001464843750e+00
8.623869895935058594e+00
8.783371925354003906e+00
9.361881256103515625e+00
8.333871841430664062e+00
9.753844261169433594e+00
9.656561851501464844e+00
8.297988891601562500e+00
9.486371040344238281e+00
8.539435386657714844e+00
9.434196472167968750e+00
9.854126930236816406e+00
9.245989799499511719e+00
9.954362869262695312e+00
9.705077171325683594e+00
1.017604351043701172e+01
9.809623718261718750e+00
9.360576629638671875e+00
1.062937259674072266e+01
9.944661140441894531e+00
9.371576309204101562e+00
9.197375297546386719e+00
1.012407779693603516e+01
9.875585556030273438e+00
9.772649765014648438e+00
9.767770767211914062e+00
1.055067729949951172e+01
1.025356101989746094e+01
1.091751956939697266e+01
1.043630027770996094e+01
1.044551944732666016e+01
1.066794204711914062e+01
1.016304492950439453e+01
9.741950035095214844e+00
1.072819519042968750e+01
1.068414688110351562e+01
1.073844718933105469e+01
1.061504650115966797e+01
1.111618518829345703e+01
1.145526790618896484e+01
1.187568092346191406e+01
1.088693237304687500e+01
1.152861881256103516e+01
1.182473278045654297e+01
1.184942245483398438e+01
1.186215019226074219e+01
1.256529521942138672e+01
1.196447944641113281e+01
1.304572582244873047e+01
1.213620853424072266e+01
1.148343944549560547e+01
1.211940002441406250e+01
1.204054927825927734e+01
1.238154125213623047e+01
1.208943653106689453e+01
1.169076728820800781e+01
1.219617652893066406e+01
1.197366333007812500e+01
1.070804882049560547e+01
1.205476570129394531e+01
1.086640739440917969e+01
1.251568317413330078e+01
1.250986003875732422e+01
1.219434547424316406e+01
1.324736309051513672e+01
1.309543609619140625e+01
1.293565082550048828e+01
1.283880710601806641e+01
1.393290615081787109e+01
1.411183547973632812e+01
1.314985370635986328e+01
1.309079170227050781e+01
1.267025089263916016e+01
1.307892799377441406e+01
1.349269866943359375e+01
1.384808444976806641e+01
1.392129802703857422e+01
1.466614246368408203e+01
1.434290599822998047e+01
1.414914417266845703e+01
1.437684345245361328e+01
1.452407455444335938e+01
1.395380306243896484e+01
1.439468669891357422e+01
1.372941017150878906e+01
1.423457622528076172e+01
1.512772083282470703e+01
1.359031486511230469e+01
1.521412849426269531e+01
1.496841430664062500e+01
1.389089298248291016e+01
1.528220081329345703e+01
1.414492416381835938e+01
1.617484283447265625e+01
1.523104000091552734e+01
1.545643138885498047e+01
1.516783046722412109e+01
1.632747650146484375e+01
1.660750770568847656e+01
1.605025863647460938e+01
1.448449325561523438e+01
1.554258155822753906e+01
1.465730571746826172e+01
1.544199180603027344e+01
1.477183246612548828e+01
1.618574905395507812e+01
1.547571659088134766e+01
1.617207527160644531e+01
1.454978561401367188e+01
1.505893039703369141e+01
1.577411937713623047e+01
1.522430992126464844e+01
1.614362716674804688e+01
1.650346374511718750e+01
1.668482208251953125e+01
1.597876548767089844e+01
1.614283180236816406e+01
1.661986351013183594e+01
1.708924293518066406e+01
1.621297073364257812e+01
1.602736282348632812e+01
1.707108688354492188e+01
1.602362823486328125e+01
1.697993659973144531e+01
1.667490196228027344e+01
1.704901313781738281e+01
1.580877494812011719e+01
1.655788612365722656e+01
1.725369071960449219e+01
1.769173049926757812e+01
1.797166824340820312e+01
1.795862007141113281e+01
1.542498493194580078e+01
1.674582481384277344e+01
1.725713920593261719e+01
1.749030303955078125e+01
1.664066123962402344e+01
1.740384674072265625e+01
1.829416847229003906e+01
1.772221183776855469e+01
1.718251800537109375e+01
1.777927398681640625e+01
1.751603126525878906e+01
1.936744117736816406e+01
1.864086341857910156e+01
1.694248962402343750e+01
1.698580932617187500e+01
1.883303451538085938e+01
1.938580322265625000e+01
1.974195289611816406e+01
1.953060722351074219e+01
1.979159736633300781e+01
1.880957412719726562e+01
1.754118537902832031e+01
1.888958930969238281e+01
1.986015319824218750e+01
2.143281555175781250e+01
1.954123878479003906e+01
1.974901580810546875e+01
1.985799980163574219e+01
2.068183135986328125e+01
2.056014060974121094e+01
2.037949180603027344e+01
1.915287017822265625e+01
1.962193298339843750e+01
2.009855461120605469e+01
1.996587181091308594e+01
2.185963630676269531e+01
2.062601470947265625e+01
1.939470100402832031e+01
1.993963813781738281e+01
2.040641593933105469e+01
2.187286758422851562e+01
2.113149261474609375e+01
1.990018272399902344e+01
2.000086402893066406e+01
1.979628372192382812e+01
2.004320526123046875e+01
2.162875366210937500e+01
2.115152740478515625e+01
2.093247985839843750e+01
2.188792991638183594e+01
2.186311340332031250e+01
2.331083297729492188e+01
2.310335540771484375e+01
2.190296363830566406e+01
2.161482048034667969e+01
2.032375717163085938e+01
2.074337959289550781e+01
2.278501701354980469e+01
2.327811813354492188e+01
2.282551193237304688e+01
2.319829940795898438e+01
2.297745513916015625e+01
2.387870407104492188e+01
2.182909774780273438e+01
2.226516342163085938e+01
2.342622375488281250e+01
2.205084419250488281e+01
2.243046569824218750e+01
2.260346031188964844e+01
2.095043754577636719e+01
2.210659980773925781e+01
2.287984085083007812e+01
2.277045440673828125e+01
2.338718414306640625e+01
2.217926216125488281e+01
2.335301399230957031e+01
2.282585906982421875e+01
2.352944183349609375e+01
2.327922630310058594e+01
2.367946815490722656e+01
2.336171913146972656e+01
2.368139076232910156e+01
2.389564132690429688e+01
2.426986694335937500e+01
2.366987228393554688e+01
2.486831855773925781e+01
2.424923515319824219e+01
2.302817344665527344e+01
2.200884056091308594e+01
2.558913612365722656e+01
2.572922706604003906e+01
2.406662368774414062e+01
2.504026985168457031e+01
2.493107604980468750e+01
2.578882789611816406e+01
2.523224639892578125e+01
2.577750205993652344e+01
2.557732772827148438e+01
2.633713531494140625e+01
2.759417915344238281e+01
2.685490226745605469e+01
2.537460708618164062e+01
2.587396049499511719e+01
2.615707778930664062e+01
2.588968658447265625e+01
2.657096099853515625e+01
2.661493110656738281e+01
2.921028709411621094e+01
2.734651947021484375e+01
2.818673896789550781e+01
2.639163017272949219e+01
2.827313232421875000e+01
2.979232406616210938e+01
2.771331977844238281e+01
2.898596954345703125e+01
2.651745796203613281e+01
2.830957412719726562e+01
2.995483207702636719e+01
3.088814735412597656e+01
2.791639518737792969e+01
2.905355072021484375e+01
2.886343002319335938e+01
3.037318038940429688e+01
3.113039588928222656e+01
2.930792999267578125e+01
3.024818229675292969e+01
2.896112632751464844e+01
2.934327316284179688e+01
3.065509605407714844e+01
3.121724319458007812e+01
2.991676521301269531e+01
2.969514083862304688e+01
3.214416122436523438e+01
2.961347961425781250e+01
3.146304130554199219e+01
3.128258895874023438e+01
3.008730125427246094e+01
3.114629364013671875e+01
2.959294128417968750e+01
3.121150398254394531e+01
3.177327919006347656e+01
3.276459121704101562e+01
3.088739776611328125e+01
3.023414802551269531e+01
3.146062850952148438e+01
3.243548965454101562e+01
3.131774520874023438e+01
3.047751808166503906e+01
3.203218460083007812e+01
3.185325050354003906e+01
3.083869171142578125e+01
3.070608139038085938e+01
3.130448913574218750e+01
3.138948822021484375e+01
3.245282363891601562e+01
3.306858444213867188e+01
3.078950881958007812e+01
3.394062042236328125e+01
3.320676422119140625e+01
3.411553573608398438e+01
3.302930450439453125e+01
3.113612556457519531e+01
3.244517517089843750e+01
3.488444137573242188e+01
3.505387496948242188e+01
3.169889831542968750e+01
3.391326904296875000e+01
3.260012054443359375e+01
3.606698608398437500e+01
3.375365066528320312e+01
3.405614471435546875e+01
3.476663589477539062e+01
3.291490173339843750e+01
3.350932693481445312e+01
3.450686645507812500e+01
3.408872222900390625e+01
3.707382965087890625e+01
3.252654266357421875e+01
3.595735168457031250e+01
3.514227294921875000e+01
3.669498062133789062e+01
3.492484664916992188e+01
3.421534729003906250e+01
3.498805618286132812e+01
3.620299148559570312e+01
3.558705520629882812e+01
3.710291290283203125e+01
3.475246047973632812e+01
3.787836837768554688e+01
3.540103912353515625e+01
3.742988204956054688e+01
3.894811630249023438e+01
3.564911270141601562e+01
3.871960830688476562e+01
3.985803222656250000e+01
3.568032073974609375e+01
3.818507766723632812e+01
3.775875091552734375e+01
3.553241729736328125e+01
3.844291305541992188e+01
3.842489242553710938e+01
3.884259796142578125e+01
3.906554794311523438e+01
3.869158554077148438e+01
3.826111984252929688e+01
3.766569900512695312e+01
3.818061065673828125e+01
3.769933700561523438e+01
3.931143569946289062e+01
3.945384979248046875e+01
3.733449172973632812e+01
3.850601196289062500e+01
4.134288406372070312e+01
3.880245208740234375e+01
3.852687454223632812e+01
3.906460952758789062e+01
3.809857940673828125e+01
3.601993560791015625e+01
3.688795852661132812e+01
3.988141632080078125e+01
4.000026702880859375e+01
3.744414520263671875e+01
3.914921951293945312e+01
3.910486221313476562e+01
4.121896743774414062e+01
3.992227935791015625e+01
3.871383285522460938e+01
4.138973617553710938e+01
4.161258697509765625e+01
4.047050857543945312e+01
4.157305526733398438e+01
3.981407165527343750e+01
4.285214996337890625e+01
3.929881286621093750e+01
3.974281311035156250e+01
4.082582092285156250e+01
3.908534622192382812e+01
4.251923751831054688e+01
4.185025024414062500e+01
4.176396942138671875e+01
4.164373397827148438e+01
4.070952987670898438e+01
3.994390487670898438e+01
4.116521835327148438e+01
4.391670989990234375e+01
4.510206985473632812e+01
4.360275650024414062e+01
4.409194564819335938e+01
4.030782318115234375e+01
4.097719573974609375e+01
4.232635116577148438e+01
4.256615829467773438e+01
4.096675872802734375e+01
4.367478942871093750e+01
4.256985473632812500e+01
4.416402435302734375e+01
4.050568771362304688e+01
4.338220214843750000e+01
4.329954147338867188e+01
4.283101654052734375e+01
4.553524398803710938e+01
4.328335189819335938e+01
4.740508270263671875e+01
4.200734329223632812e+01
4.091443252563476562e+01
4.365671920776367188e+01
4.432144546508789062e+01
4.657461547851562500e+01
4.595231246948242188e+01
4.367274856567382812e+01
4.463887023925781250e+01
4.851788711547851562e+01
4.615719604492187500e+01
4.472320938110351562e+01
4.940626144409179688e+01
4.605014801025390625e+01
4.763812255859375000e+01
4.917499160766601562e+01
4.675668334960937500e+01
4.932389831542968750e+01
4.755630874633789062e+01
4.877518844604492188e+01
4.861423873901367188e+01
4.649021148681640625e+01
5.059874343872070312e+01
5.090799331665039062e+01
5.186740493774414062e+01
5.076812362670898438e+01
5.132516479492187500e+01
4.751142120361328125e+01
4.969379043579101562e+01
4.910332107543945312e+01
4.687957000732421875e+01
4.753479766845703125e+01
4.980628204345703125e+01
5.044719696044921875e+01
5.004056930541992188e+01
5.203599166870117188e+01
5.004375839233398438e+01
4.941586685180664062e+01
4.862730789184570312e+01
5.120993804931640625e+01
5.063634490966796875e+01
4.919277954101562500e+01
5.291306686401367188e+01
5.288458251953125000e+01
5.299480438232421875e+01
5.155704498291015625e+01
5.121457290649414062e+01
5.414490890502929688e+01
5.245489501953125000e+01
4.956337738037109375e+01
5.496695709228515625e+01
5.118635177612304688e+01
5.049406814575195312e+01
5.265969467163085938e+01
5.318238830566406250e+01
5.080743408203125000e+01
5.250780868530273438e+01
5.413228988647460938e+01
5.288177490234375000e+01
5.361673736572265625e+01
5.508451461791992188e+01
5.236004638671875000e+01
5.622166442871093750e+01
5.492629623413085938e+01
5.633494949340820312e+01
5.300608825683593750e+01
5.622762298583984375e+01
5.616243362426757812e+01
5.532366561889648438e+01
5.340978240966796875e+01
5.536887359619140625e+01
5.548910903930664062e+01
5.703839874267578125e+01
5.867939758300781250e+01
5.423946762084960938e+01
5.245177841186523438e+01
5.490063858032226562e+01
5.018832015991210938e+01
5.240681076049804688e+01
5.468583679199218750e+01
5.430747222900390625e+01
5.505455398559570312e+01
5.609248733520507812e+01
5.465478515625000000e+01
5.712879943847656250e+01
5.490212631225585938e+01
5.866687011718750000e+01
5.908339691162109375e+01
5.719260787963867188e+01
5.745386123657226562e+01
5.649802398681640625e+01
5.604721069335937500e+01
5.590742111206054688e+01
5.544218826293945312e+01
5.795645141601562500e+01
5.837032318115234375e+01
5.881563949584960938e+01
5.813770675659179688e+01
5.747607040405273438e+01
5.778888702392578125e+01
5.748395156860351562e+01
5.636315536499023438e+01
5.614514160156250000e+01
5.624516296386718750e+01
5.579460144042968750e+01
5.896084976196289062e+01
5.556865692138671875e+01
5.696676254272460938e+01
5.841610336303710938e+01
5.801202011108398438e+01
5.833819580078125000e+01
5.722089004516601562e+01
5.865747451782226562e+01
5.955915451049804688e+01
5.630996322631835938e+01
5.788008499145507812e+01
6.115880966186523438e+01
5.665520858764648438e+01
5.405880355834960938e+01
5.861307907104492188e+01
5.796255493164062500e+01
5.971242904663085938e+01
5.468846893310546875e+01
6.077824401855468750e+01
5.967882919311523438e+01
5.795040130615234375e+01
5.674983978271484375e+01
5.940980529785156250e+01
5.695281219482421875e+01
5.953692245483398438e+01
5.710499191284179688e+01
5.718103408813476562e+01
5.779465103149414062e+01
5.535072708129882812e+01
5.746144866943359375e+01
6.103915786743164062e+01
5.498451614379882812e+01
5.538194656372070312e+01
5.848126983642578125e+01
5.797893905639648438e+01
5.812594985961914062e+01
5.354628372192382812e+01
5.600690841674804688e+01
5.621723175048828125e+01
6.211263656616210938e+01
5.819408798217773438e+01
5.638507080078125000e+01
5.690777969360351562e+01
5.688828277587890625e+01
5.658748626708984375e+01
5.938095855712890625e+01
5.597969818115234375e+01
5.863169479370117188e+01
5.724699401855468750e+01
5.635259246826171875e+01
5.961353683471679688e+01
6.216581344604492188e+01
5.436719512939453125e+01
5.691847991943359375e+01
5.245921325683593750e+01
5.476169586181640625e+01
5.768786621093750000e+01
5.344884109497070312e+01
5.522808456420898438e+01
5.959538269042968750e+01
5.471148681640625000e+01
5.457908248901367188e+01
5.571320343017578125e+01
5.731524276733398438e+01
5.217947769165039062e+01
5.655197906494140625e+01
5.502403259277343750e+01
5.173709487915039062e+01
5.494676589965820312e+01
5.287158584594726562e+01
5.749368667602539062e+01
5.252758407592773438e+01
5.406288909912109375e+01
5.208983612060546875e+01
5.259992980957031250e+01
5.386499786376953125e+01
5.267354583740234375e+01
5.466482925415039062e+01
5.051210021972656250e+01
5.638465499877929688e+01
5.392728805541992188e+01
5.512485885620117188e+01
5.127116394042968750e+01
5.188032150268554688e+01
4.905369949340820312e+01
5.126918792724609375e+01
5.242029953002929688e+01
5.348035430908203125e+01
5.105106353759765625e+01
5.469093704223632812e+01
5.409801483154296875e+01
5.370580673217773438e+01
5.421474456787109375e+01
5.277255630493164062e+01
5.655486297607421875e+01
5.326760101318359375e+01
5.290496826171875000e+01
5.379258346557617188e+01
5.378573608398437500e+01
5.596505737304687500e+01
5.338920593261718750e+01
5.401998519897460938e+01
5.501228332519531250e+01
5.201128768920898438e+01
5.347879028320312500e+01
5.199560928344726562e+01
5.338138580322265625e+01
5.311268615722656250e+01
5.183242416381835938e+01
5.259131240844726562e+01
5.170390701293945312e+01
5.400872802734375000e+01
5.275524902343750000e+01
5.470454788208007812e+01
5.077131271362304688e+01
4.918316268920898438e+01
5.358560562133789062e+01
5.370070648193359375e+01
5.652754974365234375e+01
5.145390701293945312e+01
5.473004531860351562e+01
5.317250061035156250e+01
5.643480300903320312e+01
5.382545852661132812e+01
5.598052215576171875e+01
5.787804794311523438e+01
5.284278488159179688e+01
5.604150009155273438e+01
5.253831863403320312e+01
5.541197967529296875e+01
5.350482177734375000e+01
5.585363006591796875e+01
5.293977737426757812e+01
5.316482543945312500e+01
5.044371414184570312e+01
5.384933853149414062e+01
5.225738906860351562e+01
5.397425079345703125e+01
5.486758041381835938e+01
5.411236572265625000e+01
5.534679031372070312e+01
5.658749008178710938e+01
5.451639938354492188e+01
5.459074401855468750e+01
5.649068069458007812e+01
5.078564453125000000e+01
5.455854797363281250e+01
5.568285751342773438e+01
5.355485534667968750e+01
5.841409301757812500e+01
5.579597473144531250e+01
5.264530181884765625e+01
5.314006423950195312e+01
5.373472595214843750e+01
5.129109954833984375e+01
5.128896713256835938e+01
5.163657760620117188e+01
5.073530578613281250e+01
5.025029754638671875e+01
5.329231262207031250e+01
5.444203186035156250e+01
5.498992538452148438e+01
5.791815948486328125e+01
5.213428878784179688e+01
5.150381088256835938e+01
5.370256805419921875e+01
5.655875778198242188e+01
5.919470596313476562e+01
5.327889251708984375e+01
5.435570144653320312e+01
5.416669845581054688e+01
5.342410278320312500e+01
5.760103225708007812e+01
5.661434555053710938e+01
5.580030441284179688e+01
5.699486541748046875e+01
4.912778854370117188e+01
5.506960296630859375e+01
5.487590789794921875e+01
5.704553604125976562e+01
5.596362686157226562e+01
5.380403900146484375e+01
5.652702331542968750e+01
4.978541564941406250e+01
4.959607696533203125e+01
5.529767227172851562e+01
4.991277313232421875e+01
5.299591827392578125e+01
5.643789672851562500e+01
5.322505950927734375e+01
5.182772827148437500e+01
5.267055511474609375e+01
5.252743911743164062e+01
5.545722961425781250e+01
5.017999267578125000e+01
5.343704605102539062e+01
5.273727035522460938e+01
5.543850326538085938e+01
5.600526809692382812e+01
6.291371154785156250e+01
5.656338119506835938e+01
5.513855361938476562e+01
5.106165695190429688e+01
5.443745040893554688e+01
5.108272933959960938e+01
5.310118103027343750e+01
5.224010086059570312e+01
5.098039245605468750e+01
4.726967239379882812e+01
5.450811004638671875e+01
5.227043533325195312e+01
5.331446838378906250e+01
5.498843765258789062e+01
5.426524353027343750e+01
4.909672546386718750e+01
5.384097671508789062e+01
5.304323577880859375e+01
5.414973449707031250e+01
4.935223388671875000e+01
5.262503051757812500e+01
5.112909317016601562e+01
5.138356399536132812e+01
5.272680282592773438e+01
5.253015899658203125e+01
5.504190444946289062e+01
5.177376937866210938e+01
5.121232986450195312e+01
5.263419342041015625e+01
5.322357177734375000e+01
4.903392791748046875e+01
4.814175796508789062e+01
4.861296844482421875e+01
5.011510086059570312e+01
5.407125854492187500e+01
4.683412551879882812e+01
5.087360763549804688e+01
5.435304641723632812e+01
4.972538757324218750e+01
5.290686798095703125e+01
4.829755020141601562e+01
4.880410766601562500e+01
5.080462265014648438e+01
4.680538940429687500e+01
5.450690460205078125e+01
5.192204284667968750e+01
5.095600509643554688e+01
5.258713912963867188e+01
5.020852279663085938e+01
5.125630569458007812e+01
5.218637466430664062e+01
5.444963836669921875e+01
4.845167160034179688e+01
5.469649505615234375e+01
5.472313308715820312e+01
4.546897506713867188e+01
5.017465972900390625e+01
5.108710861206054688e+01
5.310892105102539062e+01
5.014099121093750000e+01
5.072497558593750000e+01
4.960585021972656250e+01
5.000953292846679688e+01
5.637040710449218750e+01
5.375805282592773438e+01
5.033856964111328125e+01
5.025444793701171875e+01
5.050944519042968750e+01
4.986868286132812500e+01
5.389942550659179688e+01
4.689490509033203125e+01
5.190758514404296875e+01
5.046045684814453125e+01
5.126760101318359375e+01
5.209905242919921875e+01
4.839617538452148438e+01
5.429903411865234375e+01
5.319189834594726562e+01
5.292462921142578125e+01
5.291361618041992188e+01
5.286922836303710938e+01
5.068130111694335938e+01
5.423886871337890625e+01
5.792517852783203125e+01
4.978378295898437500e+01
5.388205337524414062e+01
5.960584640502929688e+01
5.640146255493164062e+01
5.930581665039062500e+01
5.697673416137695312e+01
5.961946105957031250e+01
5.362422561645507812e+01
5.237753677368164062e+01
5.312649917602539062e+01
5.299370193481445312e+01
5.220660781860351562e+01
5.466347122192382812e+01
5.622988891601562500e+01
5.384716415405273438e+01
5.566180419921875000e+01
5.408177947998046875e+01
5.265877914428710938e+01
5.705108642578125000e+01
5.602782058715820312e+01
5.227723693847656250e+01
5.290470123291015625e+01
5.398334503173828125e+01
4.999722671508789062e+01
5.225370407104492188e+01
5.844943618774414062e+01
5.660852813720703125e+01
5.110152435302734375e+01
5.927285385131835938e+01
5.459317398071289062e+01
5.417744445800781250e+01
5.437932205200195312e+01
5.604725265502929688e+01
5.414167022705078125e+01
5.331717681884765625e+01
5.254403305053710938e+01
5.373688125610351562e+01
5.593519592285156250e+01
5.477364730834960938e+01
5.297041320800781250e+01
5.119982910156250000e+01
5.440094757080078125e+01
5.330518722534179688e+01
5.134811782836914062e+01
4.971736145019531250e+01
5.185656738281250000e+01
5.186525726318359375e+01
5.568812561035156250e+01
5.734341430664062500e+01
5.608050537109375000e+01
5.923799514770507812e+01
5.552304458618164062e+01
5.798330307006835938e+01
4.793683624267578125e+01
5.274753952026367188e+01
5.252571105957031250e+01
5.110798263549804688e+01
5.402296447753906250e+01
5.520623397827148438e+01
5.628242111206054688e+01
5.592539978027343750e+01
4.866873550415039062e+01
5.357572555541992188e+01
5.965344238281250000e+01
5.609067153930664062e+01
5.835192108154296875e+01
5.536402511596679688e+01
5.492443466186523438e+01
5.627634048461914062e+01
5.380617904663085938e+01
5.082332992553710938e+01
5.724137496948242188e+01
5.600403213500976562e+01
5.717050170898437500e+01
5.432088851928710938e+01
6.363991165161132812e+01
5.315731430053710938e+01
4.920095825195312500e+01
6.050885772705078125e+01
5.763871765136718750e+01
5.991976165771484375e+01
5.653619766235351562e+01
5.516535949707031250e+01
5.485237884521484375e+01
5.542903137207031250e+01
5.866321945190429688e+01
5.779138565063476562e+01
5.100314331054687500e+01
5.613655471801757812e+01
5.569709396362304688e+01
5.185237884521484375e+01
5.574656295776367188e+01
5.591694259643554688e+01
5.304300689697265625e+01
5.977377319335937500e+01
5.172398376464843750e+01
5.913395309448242188e+01
5.464659500122070312e+01
5.349461364746093750e+01
6.374171066284179688e+01
5.924243927001953125e+01
5.721656036376953125e+01
5.899660110473632812e+01
5.384233474731445312e+01
5.422081375122070312e+01
5.581351470947265625e+01
5.683701705932617188e+01
5.638864135742187500e+01
5.632482910156250000e+01
6.350770568847656250e+01
5.999997711181640625e+01
6.168600845336914062e+01
5.609925842285156250e+01
5.581289291381835938e+01
6.339318084716796875e+01
6.230655288696289062e+01
6.430436706542968750e+01
6.148049163818359375e+01
5.626364135742187500e+01
6.354642105102539062e+01
6.226321792602539062e+01
6.322020339965820312e+01
6.143681335449218750e+01
5.687910079956054688e+01
6.166186904907226562e+01
6.592606353759765625e+01
6.073505020141601562e+01
6.154524612426757812e+01
6.306818008422851562e+01
6.337981796264648438e+01
5.923405456542968750e+01
5.973325347900390625e+01
5.974777603149414062e+01
6.150912857055664062e+01
6.600988769531250000e+01
6.624069976806640625e+01
6.295541763305664062e+01
6.348139953613281250e+01
6.158914184570312500e+01
6.515378570556640625e+01
6.255725479125976562e+01
6.582600402832031250e+01
6.600422668457031250e+01
6.324268722534179688e+01
6.653234863281250000e+01
6.322982788085937500e+01
6.507146453857421875e+01
6.368820953369140625e+01
5.791052246093750000e+01
6.221989440917968750e+01
6.202132034301757812e+01
5.568926239013671875e+01
6.967559051513671875e+01
6.274989700317382812e+01
5.740398406982421875e+01
6.450023651123046875e+01
5.472866058349609375e+01
6.326094818115234375e+01
6.192577362060546875e+01
6.590937042236328125e+01
5.833489227294921875e+01
6.435625457763671875e+01
6.353804016113281250e+01
6.869635772705078125e+01
6.759709167480468750e+01
6.397623443603515625e+01
6.156768798828125000e+01
6.454259490966796875e+01
6.300936889648437500e+01
6.507247924804687500e+01
6.709429931640625000e+01
6.281272506713867188e+01
5.993817901611328125e+01
6.142980575561523438e+01
6.211518096923828125e+01
6.253282165527343750e+01
6.489960479736328125e+01
7.257569885253906250e+01
6.878029632568359375e+01
7.095215606689453125e+01
6.022871780395507812e+01
7.508695220947265625e+01
5.927965545654296875e+01
6.957722473144531250e+01
6.847724151611328125e+01
7.038272094726562500e+01
6.493895721435546875e+01
7.988687133789062500e+01
7.477595520019531250e+01
6.859947204589843750e+01
7.309509277343750000e+01
6.314162445068359375e+01
6.891028594970703125e+01
7.646248626708984375e+01
6.090816879272460938e+01
6.463695526123046875e+01
6.915264129638671875e+01
6.604177856445312500e+01
6.732465362548828125e+01
6.555416870117187500e+01
8.004863739013671875e+01
7.119927215576171875e+01
7.541088104248046875e+01
7.489385986328125000e+01
8.062770080566406250e+01
7.658267974853515625e+01
7.098088073730468750e+01
7.057411193847656250e+01
7.168648529052734375e+01
7.389714813232421875e+01
6.616320037841796875e+01
7.899565124511718750e+01
7.827437591552734375e+01
7.580014038085937500e+01
7.579540252685546875e+01
6.737280273437500000e+01
7.511790466308593750e+01
7.842343902587890625e+01
7.723766326904296875e+01
7.556087493896484375e+01
6.917162322998046875e+01
7.384035491943359375e+01
7.418087768554687500e+01
7.598723602294921875e+01
7.003014373779296875e+01
7.233319091796875000e+01
7.481373596191406250e+01
7.446595001220703125e+01
6.652372741699218750e+01
7.456541442871093750e+01
7.420412445068359375e+01
7.187956237792968750e+01
7.221611022949218750e+01
7.078096771240234375e+01
8.667510986328125000e+01
8.299998474121093750e+01
7.541403198242187500e+01
9.097946929931640625e+01
7.837107849121093750e+01
7.140231323242187500e+01
8.113611602783203125e+01
7.943386840820312500e+01
8.009757232666015625e+01
8.258783721923828125e+01
7.854194641113281250e+01
8.374699401855468750e+01
8.207363891601562500e+01
8.676976776123046875e+01
7.889645385742187500e+01
7.882354736328125000e+01
8.322396087646484375e+01
7.703260803222656250e+01
7.137759399414062500e+01
7.468331146240234375e+01
7.443991851806640625e+01
7.556685638427734375e+01
7.392147064208984375e+01
8.515167236328125000e+01
7.869595336914062500e+01
7.660327911376953125e+01
7.645759582519531250e+01
7.197276306152343750e+01
8.247803497314453125e+01
7.579043579101562500e+01
7.918038940429687500e+01
8.005800628662109375e+01
7.791579437255859375e+01
7.397615814208984375e+01
7.732706451416015625e+01
7.738536071777343750e+01
8.124073028564453125e+01
7.889470672607421875e+01
7.394612121582031250e+01
8.071427154541015625e+01
8.480908966064453125e+01
7.433960723876953125e+01
8.113793945312500000e+01
7.644574737548828125e+01
7.503897094726562500e+01
7.787351226806640625e+01
8.554045104980468750e+01
7.871833038330078125e+01
7.860865020751953125e+01
7.879246520996093750e+01
7.668088531494140625e+01
7.210851287841796875e+01
8.036192321777343750e+01
7.920944976806640625e+01
7.899359130859375000e+01
8.344754028320312500e+01
8.092339324951171875e+01
7.120099639892578125e+01
7.575843048095703125e+01
6.928135681152343750e+01
7.819705200195312500e+01
7.084623718261718750e+01
7.675547790527343750e+01
7.663031768798828125e+01
7.405321502685546875e+01
7.769817352294921875e+01
7.378530120849609375e+01
7.289209747314453125e+01
6.944550323486328125e+01
7.197903442382812500e+01
7.365649414062500000e+01
7.317245483398437500e+01
8.237673187255859375e+01
7.493743896484375000e+01
7.502509307861328125e+01
7.017040252685546875e+01
8.474484252929687500e+01
7.194095611572265625e+01
7.077877807617187500e+01
7.751426696777343750e+01
8.094950866699218750e+01
7.818036651611328125e+01
7.700017547607421875e+01
7.411526489257812500e+01
7.852050781250000000e+01
8.012220764160156250e+01
8.271659088134765625e+01
7.952568817138671875e+01
7.463173675537109375e+01
7.614988708496093750e+01
8.431921386718750000e+01
7.955950164794921875e+01
7.714508056640625000e+01
7.573126220703125000e+01
8.572328948974609375e+01
8.250408172607421875e+01
7.692980194091796875e+01
7.989607238769531250e+01
7.164089202880859375e+01
8.028671264648437500e+01
7.694599151611328125e+01
7.994590759277343750e+01
7.995027923583984375e+01
7.606253051757812500e+01
8.713301086425781250e+01
8.123435974121093750e+01
8.393714141845703125e+01
8.271640777587890625e+01
7.555476379394531250e+01
8.683371734619140625e+01
9.521256256103515625e+01
8.434776306152343750e+01
8.763203430175781250e+01
8.775670623779296875e+01
7.977682495117187500e+01
9.033785247802734375e+01
9.568065643310546875e+01
8.580503845214843750e+01
8.201264190673828125e+01
8.226051330566406250e+01
8.409093475341796875e+01
9.092271423339843750e+01
8.363969421386718750e+01
8.155049896240234375e+01
8.108340454101562500e+01
9.688604736328125000e+01
7.895898437500000000e+01
7.830676269531250000e+01
8.464662170410156250e+01
8.259762573242187500e+01
8.908146667480468750e+01
8.272409057617187500e+01
8.155987548828125000e+01
8.554642486572265625e+01
9.882995605468750000e+01
9.544423675537109375e+01
8.232948303222656250e+01
7.878769683837890625e+01
8.849694061279296875e+01
8.456725311279296875e+01
8.942361450195312500e+01
8.021925354003906250e+01
9.862332916259765625e+01
8.433290100097656250e+01
8.916790771484375000e+01
9.737562561035156250e+01
8.677156066894531250e+01
8.464071655273437500e+01
8.488278961181640625e+01
9.453201293945312500e+01
8.331294250488281250e+01
8.650122070312500000e+01
9.373960876464843750e+01
8.865103149414062500e+01
7.633438873291015625e+01
8.423413848876953125e+01
8.294334411621093750e+01
8.684172058105468750e+01
8.437449645996093750e+01
8.899321746826171875e+01
9.673419952392578125e+01
9.281616973876953125e+01
1.052527999877929688e+02
8.281567382812500000e+01
9.088840484619140625e+01
8.956102752685546875e+01
9.293824768066406250e+01
8.641802978515625000e+01
9.609374237060546875e+01
8.912822723388671875e+01
8.212343597412109375e+01
9.366799163818359375e+01
9.492964172363281250e+01
9.342675018310546875e+01
8.390638732910156250e+01
8.524150085449218750e+01
9.449439239501953125e+01
8.472699737548828125e+01
8.389215087890625000e+01
8.790214538574218750e+01
8.444845581054687500e+01
7.830014038085937500e+01
7.975212097167968750e+01
8.039417266845703125e+01
8.715567016601562500e+01
8.453498840332031250e+01
8.624388122558593750e+01
8.969851684570312500e+01
8.067612457275390625e+01
8.599704742431640625e+01
8.748287200927734375e+01
8.687842559814453125e+01
8.809597015380859375e+01
9.085254669189453125e+01
9.295675659179687500e+01
8.269377899169921875e+01
9.022165679931640625e+01
8.161833190917968750e+01
7.703282928466796875e+01
9.043537139892578125e+01
9.189150238037109375e+01
8.634970092773437500e+01
8.836833190917968750e+01
8.873792266845703125e+01
8.422840881347656250e+01
8.276834869384765625e+01
8.615333557128906250e+01
9.168878173828125000e+01
8.008092498779296875e+01
9.486492156982421875e+01
8.018859100341796875e+01
8.859740447998046875e+01
8.202151489257812500e+01
8.097409057617187500e+01
9.313075256347656250e+01
8.604846954345703125e+01
7.886515808105468750e+01
8.002935028076171875e+01
8.830704498291015625e+01
7.589342498779296875e+01
8.076091003417968750e+01
8.200562286376953125e+01
8.253239440917968750e+01
9.062216949462890625e+01
8.072995758056640625e+01
7.950176239013671875e+01
8.610993194580078125e+01
7.885018920898437500e+01
8.195449829101562500e+01
9.096694946289062500e+01
8.160096740722656250e+01
8.594026184082031250e+01
8.403100585937500000e+01
8.290264129638671875e+01
8.647807312011718750e+01
9.269043731689453125e+01
7.813230895996093750e+01
8.474085998535156250e+01
9.102558135986328125e+01
7.248059082031250000e+01
8.544860839843750000e+01
8.707806396484375000e+01
9.454759979248046875e+01
7.688806152343750000e+01
9.247173309326171875e+01
9.037226104736328125e+01
8.667499542236328125e+01
9.099434661865234375e+01
9.101463317871093750e+01
7.991051483154296875e+01
7.421056365966796875e+01
7.740131378173828125e+01
7.944523620605468750e+01
7.968993377685546875e+01
9.055102539062500000e+01
8.838931274414062500e+01
7.530040740966796875e+01
8.081587219238281250e+01
8.857733154296875000e+01
9.685615539550781250e+01
8.423287200927734375e+01
8.329243469238281250e+01
8.445677185058593750e+01
8.120831298828125000e+01
8.230807495117187500e+01
8.660404968261718750e+01
9.076261138916015625e+01
9.170148468017578125e+01
7.625997161865234375e+01
8.392729949951171875e+01
7.897164916992187500e+01
7.713831329345703125e+01
8.279470062255859375e+01
7.089729309082031250e+01
7.565450286865234375e+01
8.263924407958984375e+01
9.759884643554687500e+01
7.863198089599609375e+01
8.856548309326171875e+01
8.829911041259765625e+01
8.282220458984375000e+01
8.030048370361328125e+01
7.614466094970703125e+01
8.007543182373046875e+01
7.283936309814453125e+01
8.787976837158203125e+01
7.835231018066406250e+01
8.303381347656250000e+01
8.543160247802734375e+01
8.343421936035156250e+01
8.425651550292968750e+01
8.169149780273437500e+01
8.682687377929687500e+01
8.256643676757812500e+01
7.612513732910156250e+01
8.357835388183593750e+01
8.353527832031250000e+01
8.736924743652343750e+01
8.522476196289062500e+01
8.743354797363281250e+01
8.751626586914062500e+01
8.958335876464843750e+01
8.739918518066406250e+01
8.943049621582031250e+01
9.829238891601562500e+01
8.339979553222656250e+01
8.804158020019531250e+01
7.841573333740234375e+01
7.891857910156250000e+01
8.547811126708984375e+01
9.078703308105468750e+01
8.815334320068359375e+01
7.930356597900390625e+01
7.951239776611328125e+01
9.099104309082031250e+01
8.269945526123046875e+01
8.979323577880859375e+01
9.425180053710937500e+01
8.825749969482421875e+01
9.877416992187500000e+01
9.338762664794921875e+01
9.544470214843750000e+01
8.570664978027343750e+01
9.759054565429687500e+01
9.746163940429687500e+01
9.708528900146484375e+01
8.767503356933593750e+01
8.870743560791015625e+01
9.086685180664062500e+01
8.129046630859375000e+01
8.061359405517578125e+01
8.803177642822265625e+01
8.098887634277343750e+01
8.698224639892578125e+01
9.109947204589843750e+01
8.489779663085937500e+01
8.118567657470703125e+01
9.098871612548828125e+01
8.889839172363281250e+01
9.349710845947265625e+01
9.051040649414062500e+01
9.497100067138671875e+01
1.024225234985351562e+02
9.414530944824218750e+01
9.792233276367187500e+01
9.832656097412109375e+01
8.467142486572265625e+01
9.454049682617187500e+01
9.572302246093750000e+01
9.677851867675781250e+01
9.630670166015625000e+01
8.508780670166015625e+01
9.235473632812500000e+01
9.105400085449218750e+01
8.849602508544921875e+01
8.443862152099609375e+01
9.054347229003906250e+01
9.134755706787109375e+01
8.921391296386718750e+01
8.775716400146484375e+01
8.867151641845703125e+01
9.191760253906250000e+01
9.610496520996093750e+01
8.918706512451171875e+01
8.855802154541015625e+01
9.132492828369140625e+01
9.655576324462890625e+01
8.714254760742187500e+01
9.810803222656250000e+01
9.205078125000000000e+01
9.608536529541015625e+01
8.931208038330078125e+01
9.846151733398437500e+01
9.989256286621093750e+01
9.353359222412109375e+01
8.500093841552734375e+01
8.688520050048828125e+01
1.062428741455078125e+02
8.684095001220703125e+01
9.591381072998046875e+01
9.193262481689453125e+01
9.898835754394531250e+01
9.612953186035156250e+01
9.624897766113281250e+01
9.878432464599609375e+01
9.897154235839843750e+01
1.038540802001953125e+02
9.907167816162109375e+01
1.018863143920898438e+02
9.378661346435546875e+01
1.019650802612304688e+02
9.071376800537109375e+01
8.863166046142578125e+01
9.135179901123046875e+01
9.354734039306640625e+01
1.127085037231445312e+02
1.041612014770507812e+02
1.035332489013671875e+02
9.743289947509765625e+01
1.161444854736328125e+02
1.108920364379882812e+02
8.974753570556640625e+01
1.012730560302734375e+02
9.796071624755859375e+01
1.010925445556640625e+02
1.079918441772460938e+02
1.023253250122070312e+02
1.006408767700195312e+02
1.034442062377929688e+02
1.034310226440429688e+02
1.039998703002929688e+02
9.527182769775390625e+01
9.491464996337890625e+01
1.093974914550781250e+02
1.047712478637695312e+02
1.009311981201171875e+02
1.078686599731445312e+02
9.657707214355468750e+01
1.078802642822265625e+02
1.022286682128906250e+02
1.091907348632812500e+02
1.043844375610351562e+02
1.046804199218750000e+02
9.937522125244140625e+01
1.025962371826171875e+02
1.120424194335937500e+02
1.069913101196289062e+02
9.553254699707031250e+01
1.005557327270507812e+02
9.350582885742187500e+01
1.074929809570312500e+02
9.715679931640625000e+01
9.246292114257812500e+01
1.029935760498046875e+02
9.520800018310546875e+01
1.038451843261718750e+02
1.102870407104492188e+02
1.037671661376953125e+02
8.149129486083984375e+01
8.908049774169921875e+01
1.167583160400390625e+02
1.142448959350585938e+02
1.038264923095703125e+02
9.519978332519531250e+01
1.017367248535156250e+02
1.106570816040039062e+02
9.750773620605468750e+01
9.406176757812500000e+01
9.409569549560546875e+01
1.036631774902343750e+02
9.643695068359375000e+01
9.871509552001953125e+01
1.068726043701171875e+02
1.027619400024414062e+02
9.267530059814453125e+01
1.052909698486328125e+02
9.563143920898437500e+01
1.012655487060546875e+02
9.587917327880859375e+01
9.622220611572265625e+01
9.595115661621093750e+01
8.890432739257812500e+01
9.611328125000000000e+01
1.015851058959960938e+02
9.988742065429687500e+01
1.009528427124023438e+02
1.021325302124023438e+02
1.041595153808593750e+02
9.797073364257812500e+01
9.548034667968750000e+01
1.108861846923828125e+02
9.794506072998046875e+01
9.986948394775390625e+01
1.094310302734375000e+02
1.005742950439453125e+02
1.129709854125976562e+02
