0.000000000000000000e+00
0.000000000000000000e+00
0.000000000000000000e+00
0.000000000000000000e+00
6.786895990371704102e-01
4.746412932872772217e-01
6.058219075202941895e-01
1.187337994575500488e+00
1.048277854919433594e+00
1.115323543548583984e+00
1.193024039268493652e+00
1.260253429412841797e+00
1.366096019744873047e+00
1.433243632316589355e+00
1.520402431488037109e+00
1.540718555450439453e+00
1.483610868453979492e+00
1.423825383186340332e+00
1.400497555732727051e+00
1.370892286300659180e+00
1.346335530281066895e+00
1.272780418395996094e+00
1.243397712707519531e+00
1.169119238853454590e+00
1.092717766761779785e+00
1.018640041351318359e+00
9.278596043586730957e-01
8.374792337417602539e-01
7.742041945457458496e-01
7.333183884620666504e-01
6.932377815246582031e-01
6.466016769409179688e-01
6.196349859237670898e-01
6.019341349601745605e-01
5.731648802757263184e-01
5.464066863059997559e-01
5.324992537498474121e-01
5.119708180427551270e-01
4.913285970687866211e-01
4.787993729114532471e-01
4.650963544845581055e-01
4.505015313625335693e-01
4.407772719860076904e-01
4.354350566864013672e-01
4.323278069496154785e-01
4.240384995937347412e-01
4.173452258110046387e-01
4.220291078090667725e-01
4.150606393814086914e-01
4.120655655860900879e-01
4.107540249824523926e-01
4.174288213253021240e-01
4.214142560958862305e-01
4.349733889102935791e-01
4.555492699146270752e-01
4.609953761100769043e-01
4.740031659603118896e-01
5.256603956222534180e-01
5.396851897239685059e-01
5.751620531082153320e-01
6.148688793182373047e-01
6.536125540733337402e-01
7.109329700469970703e-01
7.242945432662963867e-01
8.026091456413269043e-01
8.057729601860046387e-01
8.229264616966247559e-01
8.623270988464355469e-01
8.755773901939392090e-01
8.750482797622680664e-01
8.579547405242919922e-01
9.030666947364807129e-01
9.478651881217956543e-01
9.661750197410583496e-01
9.852195382118225098e-01
1.000800728797912598e+00
9.598760008811950684e-01
1.003494858741760254e+00
9.967669844627380371e-01
1.100865244865417480e+00
1.077126741409301758e+00
1.087678432464599609e+00
1.182048916816711426e+00
1.254410743713378906e+00
1.192621350288391113e+00
1.101380825042724609e+00
1.327970266342163086e+00
1.273752927780151367e+00
1.449928164482116699e+00
1.295443058013916016e+00
1.348559379577636719e+00
1.434853076934814453e+00
1.460310578346252441e+00
1.450137257575988770e+00
1.459025025367736816e+00
1.470938920974731445e+00
1.489514470100402832e+00
1.445225000381469727e+00
1.500297665596008301e+00
1.605717301368713379e+00
1.494358181953430176e+00
1.765477418899536133e+00
1.492262721061706543e+00
1.572863340377807617e+00
1.623431563377380371e+00
1.536078095436096191e+00
1.670753955841064453e+00
1.729355931282043457e+00
1.694273710250854492e+00
1.680472850799560547e+00
1.850745320320129395e+00
1.882359862327575684e+00
2.129193067550659180e+00
1.915443062782287598e+00
1.956839084625244141e+00
1.920163035392761230e+00
1.700276732444763184e+00
1.957893610000610352e+00
1.936292529106140137e+00
1.801052212715148926e+00
1.793491125106811523e+00
1.660986900329589844e+00
1.924527883529663086e+00
2.021411180496215820e+00
2.114270448684692383e+00
2.073580741882324219e+00
2.014038324356079102e+00
2.045155048370361328e+00
1.923269033432006836e+00
2.050287008285522461e+00
2.018919467926025391e+00
2.055701017379760742e+00
1.910027623176574707e+00
1.729666233062744141e+00
1.915665984153747559e+00
1.992267131805419922e+00
1.976261496543884277e+00
2.010359525680541992e+00
2.074474334716796875e+00
2.215674400329589844e+00
2.053206682205200195e+00
2.139461040496826172e+00
1.990643024444580078e+00
2.091086387634277344e+00
2.047516822814941406e+00
1.978999853134155273e+00
2.134768486022949219e+00
2.213888645172119141e+00
2.034503936767578125e+00
1.945075631141662598e+00
2.150021076202392578e+00
2.164369344711303711e+00
1.942988991737365723e+00
2.077188968658447266e+00
2.085187435150146484e+00
1.912497162818908691e+00
2.134570360183715820e+00
2.015909433364868164e+00
1.868402838706970215e+00
2.258103609085083008e+00
2.438709735870361328e+00
2.053010702133178711e+00
1.909402132034301758e+00
2.096634387969970703e+00
2.152164459228515625e+00
1.940993785858154297e+00
2.138759851455688477e+00
1.979880571365356445e+00
2.214497566223144531e+00
2.141906499862670898e+00
2.535027027130126953e+00
2.060451269149780273e+00
1.962105512619018555e+00
2.187819004058837891e+00
2.096889972686767578e+00
2.160208940505981445e+00
1.808546423912048340e+00
2.382048845291137695e+00
2.338945150375366211e+00
2.477496147155761719e+00
2.203559160232543945e+00
2.281612634658813477e+00
2.775058746337890625e+00
2.404343843460083008e+00
2.228911638259887695e+00
2.482528209686279297e+00
2.101972103118896484e+00
2.012983322143554688e+00
2.164537906646728516e+00
2.431191921234130859e+00
2.626996040344238281e+00
2.586790323257446289e+00
2.189317464828491211e+00
2.867530345916748047e+00
2.898977518081665039e+00
2.497873544692993164e+00
2.566336870193481445e+00
2.538479566574096680e+00
2.528091192245483398e+00
2.381150484085083008e+00
2.757347345352172852e+00
2.483884811401367188e+00
2.453301668167114258e+00
2.412144184112548828e+00
2.642570734024047852e+00
3.151608467102050781e+00
2.529659986495971680e+00
2.574745655059814453e+00
2.569501876831054688e+00
3.074811458587646484e+00
2.564977645874023438e+00
2.653584480285644531e+00
2.955785751342773438e+00
2.328214883804321289e+00
3.171644687652587891e+00
2.848729610443115234e+00
2.510841846466064453e+00
2.311843395233154297e+00
3.147227048873901367e+00
2.886819124221801758e+00
2.354474067687988281e+00
2.923347234725952148e+00
2.768199443817138672e+00
2.698286056518554688e+00
2.653255939483642578e+00
3.052362203598022461e+00
2.792902946472167969e+00
2.611214160919189453e+00
2.472987413406372070e+00
3.292295932769775391e+00
3.082471132278442383e+00
2.697350978851318359e+00
3.023998498916625977e+00
2.759958982467651367e+00
3.072047472000122070e+00
2.347236871719360352e+00
2.645869970321655273e+00
2.853872537612915039e+00
2.899261713027954102e+00
2.882128000259399414e+00
3.057202339172363281e+00
2.843484163284301758e+00
2.462187767028808594e+00
3.018585920333862305e+00
2.463867187500000000e+00
2.957192659378051758e+00
2.737622499465942383e+00
2.899781703948974609e+00
2.866748332977294922e+00
2.379911899566650391e+00
2.933206558227539062e+00
2.478039741516113281e+00
2.780421972274780273e+00
2.708080053329467773e+00
2.641867637634277344e+00
2.659187316894531250e+00
2.607019186019897461e+00
2.560837984085083008e+00
2.707136631011962891e+00
2.943745374679565430e+00
2.763059616088867188e+00
2.866140127182006836e+00
3.115201711654663086e+00
2.836720705032348633e+00
3.018682718276977539e+00
3.250226736068725586e+00
2.688107967376708984e+00
3.238810539245605469e+00
2.836110830307006836e+00
3.514913082122802734e+00
2.344702720642089844e+00
3.199938058853149414e+00
2.830840587615966797e+00
2.843832015991210938e+00
2.775879621505737305e+00
3.103183507919311523e+00
3.282545328140258789e+00
3.259131669998168945e+00
2.679199695587158203e+00
3.020493984222412109e+00
3.117026329040527344e+00
2.534832954406738281e+00
2.948297739028930664e+00
2.838872671127319336e+00
3.013091087341308594e+00
2.809435367584228516e+00
2.892102956771850586e+00
2.910907745361328125e+00
2.978754043579101562e+00
3.469545841217041016e+00
3.392049312591552734e+00
2.886453866958618164e+00
2.991922855377197266e+00
3.249328613281250000e+00
2.551538944244384766e+00
3.380471229553222656e+00
3.788327932357788086e+00
3.337104082107543945e+00
2.944004297256469727e+00
3.072468280792236328e+00
3.338119983673095703e+00
3.509240865707397461e+00
2.814988374710083008e+00
3.266761302947998047e+00
3.385576725006103516e+00
3.454282283782958984e+00
3.492007255554199219e+00
3.376188039779663086e+00
3.563647031784057617e+00
3.572412490844726562e+00
3.396534681320190430e+00
3.878833055496215820e+00
3.835011720657348633e+00
3.366970300674438477e+00
3.527731180191040039e+00
3.728474855422973633e+00
3.565399646759033203e+00
3.360350370407104492e+00
3.477650403976440430e+00
3.403698205947875977e+00
3.801948785781860352e+00
3.894891738891601562e+00
3.937168598175048828e+00
3.880464315414428711e+00
3.797840356826782227e+00
4.134749889373779297e+00
4.125305652618408203e+00
3.791296243667602539e+00
3.625127792358398438e+00
4.289299964904785156e+00
4.397298812866210938e+00
5.009008884429931641e+00
5.189651489257812500e+00
4.469359874725341797e+00
4.592056751251220703e+00
4.924533843994140625e+00
4.241684436798095703e+00
4.698767662048339844e+00
5.261073112487792969e+00
5.398467540740966797e+00
4.262168884277343750e+00
4.867264747619628906e+00
4.864250183105468750e+00
5.046135425567626953e+00
5.029017925262451172e+00
4.755252838134765625e+00
5.376987457275390625e+00
4.137445449829101562e+00
5.055053710937500000e+00
4.900590419769287109e+00
5.416610717773437500e+00
4.388494968414306641e+00
5.085188388824462891e+00
5.011037826538085938e+00
5.195014476776123047e+00
5.235370635986328125e+00
5.113310813903808594e+00
5.087475776672363281e+00
5.581324100494384766e+00
5.192685604095458984e+00
5.816112518310546875e+00
5.700126171112060547e+00
5.086409568786621094e+00
5.381036281585693359e+00
6.186000347137451172e+00
5.598101615905761719e+00
5.139130592346191406e+00
5.346934795379638672e+00
5.667341709136962891e+00
6.047698497772216797e+00
5.458536148071289062e+00
6.167293071746826172e+00
5.710168838500976562e+00
5.856258869171142578e+00
5.849839210510253906e+00
6.255274295806884766e+00
5.513327121734619141e+00
6.699583053588867188e+00
6.225598335266113281e+00
6.142240524291992188e+00
5.620746612548828125e+00
6.338883399963378906e+00
6.228537559509277344e+00
6.348964214324951172e+00
6.210362434387207031e+00
6.328209877014160156e+00
6.260856151580810547e+00
6.261900424957275391e+00
6.433718681335449219e+00
6.649561882019042969e+00
6.819725036621093750e+00
5.858562469482421875e+00
6.749004840850830078e+00
6.044652462005615234e+00
6.445157527923583984e+00
5.667753696441650391e+00
6.587312221527099609e+00
6.519503593444824219e+00
6.475230693817138672e+00
6.105184078216552734e+00
6.704742908477783203e+00
7.210195541381835938e+00
6.193106651306152344e+00
6.371034622192382812e+00
5.935879230499267578e+00
6.719063758850097656e+00
6.604441642761230469e+00
6.929247856140136719e+00
6.814681053161621094e+00
7.696984291076660156e+00
7.209892272949218750e+00
6.633678913116455078e+00
7.894931793212890625e+00
6.966865062713623047e+00
7.055768966674804688e+00
7.013093948364257812e+00
7.089764118194580078e+00
7.391364097595214844e+00
7.144464969635009766e+00
6.918734550476074219e+00
7.053786277770996094e+00
7.426421642303466797e+00
6.606099128723144531e+00
6.717139720916748047e+00
6.823191642761230469e+00
6.756642341613769531e+00
7.488409996032714844e+00
7.132852077484130859e+00
8.056923866271972656e+00
7.444275379180908203e+00
7.646779060363769531e+00
8.144414901733398438e+00
8.377050399780273438e+00
7.683995246887207031e+00
7.701816082000732422e+00
8.008662223815917969e+00
7.958901405334472656e+00
8.112335205078125000e+00
7.561989307403564453e+00
8.650357246398925781e+00
8.022710800170898438e+00
8.594880104064941406e+00
8.410053253173828125e+00
7.937999248504638672e+00
7.406765460968017578e+00
7.693092823028564453e+00
8.170953750610351562e+00
8.606122970581054688e+00
9.045967102050781250e+00
8.304236412048339844e+00
8.530310630798339844e+00
8.702967643737792969e+00
7.989624023437500000e+00
7.858524799346923828e+00
8.900618553161621094e+00
8.080523490905761719e+00
8.115440368652343750e+00
7.549890041351318359e+00
9.931791305541992188e+00
9.301160812377929688e+00
9.948048591613769531e+00
8.836590766906738281e+00
8.869147300720214844e+00
9.158815383911132812e+00
9.064109802246093750e+00
9.337400436401367188e+00
9.146724700927734375e+00
8.685338020324707031e+00
9.858058929443359375e+00
8.847652435302734375e+00
8.794295310974121094e+00
9.964138984680175781e+00
1.056127262115478516e+01
1.042299842834472656e+01
9.316373825073242188e+00
9.727773666381835938e+00
1.020058822631835938e+01
9.773199081420898438e+00
8.998023033142089844e+00
9.777777671813964844e+00
9.782050132751464844e+00
9.810686111450195312e+00
9.530787467956542969e+00
1.007224369049072266e+01
9.700091361999511719e+00
9.209084510803222656e+00
1.039889526367187500e+01
9.946614265441894531e+00
9.733525276184082031e+00
1.070152759552001953e+01
1.020561313629150391e+01
1.044437599182128906e+01
9.718144416809082031e+00
1.026047420501708984e+01
9.920197486877441406e+00
9.677981376647949219e+00
9.788902282714843750e+00
1.001216793060302734e+01
1.052832794189453125e+01
1.010394954681396484e+01
9.928121566772460938e+00
1.048398780822753906e+01
1.046998786926269531e+01
1.022161102294921875e+01
1.026948642730712891e+01
9.677119255065917969e+00
9.729384422302246094e+00
9.518314361572265625e+00
1.004978561401367188e+01
9.367280960083007812e+00
1.041779327392578125e+01
1.055251407623291016e+01
1.025749969482421875e+01
1.073642253875732422e+01
9.582001686096191406e+00
1.069969749450683594e+01
1.115645408630371094e+01
9.930680274963378906e+00
1.057233238220214844e+01
1.106665039062500000e+01
1.086757850646972656e+01
1.002442359924316406e+01
1.084214496612548828e+01
1.051961326599121094e+01
1.058525276184082031e+01
1.048649406433105469e+01
1.092503547668457031e+01
1.097682571411132812e+01
1.103340721130371094e+01
1.094927787780761719e+01
1.068724060058593750e+01
1.013580799102783203e+01
1.112640857696533203e+01
1.132203674316406250e+01
1.097457218170166016e+01
1.095853328704833984e+01
1.079129695892333984e+01
1.063157272338867188e+01
1.028124618530273438e+01
1.171518325805664062e+01
1.163574028015136719e+01
1.139529705047607422e+01
1.153640270233154297e+01
1.211321353912353516e+01
1.111716651916503906e+01
1.213427734375000000e+01
1.121484375000000000e+01
1.120804500579833984e+01
1.145431995391845703e+01
1.185625553131103516e+01
1.100650882720947266e+01
1.202793025970458984e+01
1.222951984405517578e+01
1.184679889678955078e+01
1.258605098724365234e+01
1.196215820312500000e+01
1.280894947052001953e+01
1.171750259399414062e+01
1.150021839141845703e+01
1.234792327880859375e+01
1.272422981262207031e+01
1.234618186950683594e+01
1.216992568969726562e+01
1.303878688812255859e+01
1.231996250152587891e+01
1.230153751373291016e+01
1.171760940551757812e+01
1.401935768127441406e+01
1.386844062805175781e+01
1.275578880310058594e+01
1.238708496093750000e+01
1.282106685638427734e+01
1.290473747253417969e+01
1.392423915863037109e+01
1.298182964324951172e+01
1.284888935089111328e+01
1.366605472564697266e+01
1.233854389190673828e+01
1.306958198547363281e+01
1.274955272674560547e+01
1.397932624816894531e+01
1.393223857879638672e+01
1.381707000732421875e+01
1.405762863159179688e+01
1.344287490844726562e+01
1.445621299743652344e+01
1.372099590301513672e+01
1.498043727874755859e+01
1.522348213195800781e+01
1.573323249816894531e+01
1.494530105590820312e+01
1.403630352020263672e+01
1.478475856781005859e+01
1.484122276306152344e+01
1.559691619873046875e+01
1.547331428527832031e+01
1.577001094818115234e+01
1.628579521179199219e+01
1.558229064941406250e+01
1.508541679382324219e+01
1.562923622131347656e+01
1.621330642700195312e+01
1.497986316680908203e+01
1.414480495452880859e+01
1.477140235900878906e+01
1.511436557769775391e+01
1.540283775329589844e+01
1.494786548614501953e+01
1.452547645568847656e+01
1.535852146148681641e+01
1.607001113891601562e+01
1.548422813415527344e+01
1.604882621765136719e+01
1.576761341094970703e+01
1.582262325286865234e+01
1.548449611663818359e+01
1.659015846252441406e+01
1.636383247375488281e+01
1.685939979553222656e+01
1.637944984436035156e+01
1.715899276733398438e+01
1.676198959350585938e+01
1.646119880676269531e+01
1.670347404479980469e+01
1.601799774169921875e+01
1.748146438598632812e+01
1.600299263000488281e+01
1.595112133026123047e+01
1.594017219543457031e+01
1.656376647949218750e+01
1.590672874450683594e+01
1.588038063049316406e+01
1.635001945495605469e+01
1.689530944824218750e+01
1.674444198608398438e+01
1.602885818481445312e+01
1.642645454406738281e+01
1.620937728881835938e+01
1.586263561248779297e+01
1.684909439086914062e+01
1.722410964965820312e+01
1.716255569458007812e+01
1.709530067443847656e+01
1.661196708679199219e+01
1.644782829284667969e+01
1.734970855712890625e+01
1.765746879577636719e+01
1.769726371765136719e+01
1.833808135986328125e+01
1.627983093261718750e+01
1.647565650939941406e+01
1.932095146179199219e+01
1.822856140136718750e+01
1.901968765258789062e+01
1.886061859130859375e+01
1.832864570617675781e+01
1.787688255310058594e+01
1.815656661987304688e+01
1.838088226318359375e+01
1.776953506469726562e+01
1.859430313110351562e+01
2.013768386840820312e+01
1.938453674316406250e+01
1.969805908203125000e+01
2.016295623779296875e+01
1.925533294677734375e+01
2.020240592956542969e+01
2.004688644409179688e+01
1.979317665100097656e+01
1.944277954101562500e+01
1.959324073791503906e+01
2.032186317443847656e+01
1.952049636840820312e+01
2.044165229797363281e+01
2.049371147155761719e+01
1.914683532714843750e+01
2.006931877136230469e+01
1.805819892883300781e+01
1.974496459960937500e+01
2.037594985961914062e+01
2.088316345214843750e+01
2.060715866088867188e+01
2.094711303710937500e+01
2.033507347106933594e+01
2.013731765747070312e+01
2.035667228698730469e+01
2.094685173034667969e+01
1.968357849121093750e+01
2.069268035888671875e+01
2.170492553710937500e+01
2.149124145507812500e+01
2.231837844848632812e+01
2.136053848266601562e+01
2.122894668579101562e+01
2.165915679931640625e+01
2.175867652893066406e+01
2.167163467407226562e+01
2.556089401245117188e+01
2.412087059020996094e+01
2.252921867370605469e+01
2.401267623901367188e+01
2.246841430664062500e+01
2.418222236633300781e+01
2.323806190490722656e+01
2.388058662414550781e+01
2.412780952453613281e+01
2.413743400573730469e+01
2.542547035217285156e+01
2.458632278442382812e+01
2.502247428894042969e+01
2.440463066101074219e+01
2.351240730285644531e+01
2.333875465393066406e+01
2.515331268310546875e+01
2.480747795104980469e+01
2.491805267333984375e+01
2.477400207519531250e+01
2.460517120361328125e+01
2.320536422729492188e+01
2.531818008422851562e+01
2.537598228454589844e+01
2.480769157409667969e+01
2.396653556823730469e+01
2.640125083923339844e+01
2.523517036437988281e+01
2.464585876464843750e+01
2.621092796325683594e+01
2.647211647033691406e+01
2.773328018188476562e+01
2.553178024291992188e+01
2.603504180908203125e+01
2.564553642272949219e+01
2.644481086730957031e+01
2.671800422668457031e+01
2.544682121276855469e+01
2.643882369995117188e+01
2.755068397521972656e+01
2.710445404052734375e+01
2.732101249694824219e+01
2.615731239318847656e+01
2.699923324584960938e+01
2.655979347229003906e+01
2.769335937500000000e+01
2.969151496887207031e+01
2.682518768310546875e+01
2.822908210754394531e+01
3.061321449279785156e+01
2.860500717163085938e+01
2.868703651428222656e+01
2.960261344909667969e+01
3.000369453430175781e+01
2.896581077575683594e+01
2.862299537658691406e+01
2.919128990173339844e+01
2.757983016967773438e+01
3.084440231323242188e+01
2.781180000305175781e+01
2.968451881408691406e+01
3.172552490234375000e+01
3.143858909606933594e+01
3.205432891845703125e+01
3.242571640014648438e+01
3.257549285888671875e+01
3.193275070190429688e+01
3.388919448852539062e+01
3.033975410461425781e+01
3.222451782226562500e+01
3.151827812194824219e+01
3.185643768310546875e+01
3.121133613586425781e+01
3.036518859863281250e+01
3.430568695068359375e+01
3.211487579345703125e+01
3.180467033386230469e+01
3.205974578857421875e+01
3.136046028137207031e+01
3.182068634033203125e+01
3.252626800537109375e+01
3.331465530395507812e+01
3.202450942993164062e+01
3.352544403076171875e+01
3.423136901855468750e+01
3.441231918334960938e+01
3.109659385681152344e+01
3.502669143676757812e+01
3.230407714843750000e+01
3.258166885375976562e+01
3.352934265136718750e+01
3.431559371948242188e+01
3.603695297241210938e+01
3.571593856811523438e+01
3.509870910644531250e+01
3.525652694702148438e+01
3.501637649536132812e+01
3.699139022827148438e+01
3.645383453369140625e+01
3.460316467285156250e+01
3.524040603637695312e+01
3.667625045776367188e+01
3.584114837646484375e+01
3.549433517456054688e+01
4.051142883300781250e+01
3.744634628295898438e+01
3.651834487915039062e+01
3.698248672485351562e+01
3.712446212768554688e+01
3.501034164428710938e+01
3.448665618896484375e+01
3.495630645751953125e+01
3.563401412963867188e+01
3.517065811157226562e+01
3.813787841796875000e+01
4.316414642333984375e+01
4.037523269653320312e+01
3.929396057128906250e+01
4.044915008544921875e+01
3.958938980102539062e+01
3.885694885253906250e+01
3.828388977050781250e+01
3.976190567016601562e+01
3.801300811767578125e+01
3.773299407958984375e+01
3.805110931396484375e+01
3.787614822387695312e+01
3.913424682617187500e+01
3.780802154541015625e+01
3.907259750366210938e+01
3.810615158081054688e+01
3.770099258422851562e+01
3.751185226440429688e+01
3.667645645141601562e+01
3.926671218872070312e+01
3.928774642944335938e+01
3.852696990966796875e+01
3.711800765991210938e+01
3.714696121215820312e+01
3.934838485717773438e+01
3.815978240966796875e+01
3.942259216308593750e+01
4.149536895751953125e+01
3.863099670410156250e+01
3.766791915893554688e+01
3.816796112060546875e+01
3.864910125732421875e+01
3.998791503906250000e+01
3.872521209716796875e+01
3.904607772827148438e+01
3.932945251464843750e+01
3.923927688598632812e+01
4.123794174194335938e+01
4.215534210205078125e+01
4.070731735229492188e+01
4.210720443725585938e+01
3.916075897216796875e+01
4.137206268310546875e+01
4.444172668457031250e+01
4.170071029663085938e+01
3.978250885009765625e+01
4.116673660278320312e+01
4.071037673950195312e+01
4.156924438476562500e+01
4.104930877685546875e+01
4.161648559570312500e+01
4.250962829589843750e+01
4.169069671630859375e+01
4.038475799560546875e+01
4.169446945190429688e+01
4.226371002197265625e+01
4.094125747680664062e+01
4.190635299682617188e+01
4.255208206176757812e+01
4.058272171020507812e+01
4.227570343017578125e+01
4.198026657104492188e+01
4.055936431884765625e+01
4.358057022094726562e+01
4.313320922851562500e+01
4.182805633544921875e+01
4.159693145751953125e+01
4.203629684448242188e+01
4.165983581542968750e+01
4.202901458740234375e+01
4.153335189819335938e+01
4.438321685791015625e+01
4.538650131225585938e+01
4.331875610351562500e+01
4.321186828613281250e+01
4.537960052490234375e+01
4.458543777465820312e+01
4.536391830444335938e+01
4.403010177612304688e+01
4.182067108154296875e+01
4.351667404174804688e+01
4.451457977294921875e+01
4.733200073242187500e+01
4.308310699462890625e+01
4.494507598876953125e+01
4.465430831909179688e+01
4.385502624511718750e+01
4.535667800903320312e+01
4.594287490844726562e+01
4.429648971557617188e+01
4.553322601318359375e+01
4.392724227905273438e+01
4.328754425048828125e+01
4.192994308471679688e+01
4.511228942871093750e+01
4.395454406738281250e+01
4.488245391845703125e+01
4.714828109741210938e+01
4.510114669799804688e+01
4.512305831909179688e+01
4.275733184814453125e+01
4.463490676879882812e+01
4.362575531005859375e+01
4.206695175170898438e+01
4.311936569213867188e+01
4.280346298217773438e+01
4.404169464111328125e+01
4.503026580810546875e+01
4.359003448486328125e+01
4.216615676879882812e+01
4.389056396484375000e+01
4.210921478271484375e+01
4.325454711914062500e+01
4.178711700439453125e+01
4.652636718750000000e+01
4.392728805541992188e+01
4.407661056518554688e+01
4.341429519653320312e+01
4.327888107299804688e+01
4.137843322753906250e+01
4.289980316162109375e+01
4.182815933227539062e+01
4.511869812011718750e+01
4.116567230224609375e+01
4.391091537475585938e+01
4.419386291503906250e+01
4.106579971313476562e+01
4.522081375122070312e+01
4.543032073974609375e+01
4.216680526733398438e+01
4.295123291015625000e+01
4.119118118286132812e+01
4.455752944946289062e+01
4.329600143432617188e+01
4.318658447265625000e+01
4.330089950561523438e+01
4.261912536621093750e+01
4.159655761718750000e+01
4.338826751708984375e+01
4.218672943115234375e+01
4.276652526855468750e+01
4.335959625244140625e+01
4.387639236450195312e+01
4.122530746459960938e+01
4.038871383666992188e+01
4.630392074584960938e+01
5.037908172607421875e+01
5.432772827148437500e+01
4.652079772949218750e+01
4.071245574951171875e+01
4.744153594970703125e+01
4.914758300781250000e+01
4.540092086791992188e+01
4.583095550537109375e+01
4.323574829101562500e+01
4.195915985107421875e+01
4.401033020019531250e+01
4.787962341308593750e+01
4.297508621215820312e+01
4.421396255493164062e+01
4.212213897705078125e+01
4.272471618652343750e+01
4.220146179199218750e+01
4.204417037963867188e+01
3.933244705200195312e+01
4.058986663818359375e+01
4.055989074707031250e+01
4.391482162475585938e+01
4.327338409423828125e+01
4.178443145751953125e+01
4.225266265869140625e+01
4.425990676879882812e+01
4.215681076049804688e+01
3.977201461791992188e+01
4.266215515136718750e+01
4.136548614501953125e+01
4.061943817138671875e+01
3.883238601684570312e+01
4.020584487915039062e+01
4.089871597290039062e+01
4.301952743530273438e+01
3.895368194580078125e+01
4.104618072509765625e+01
3.977805328369140625e+01
3.912903213500976562e+01
4.130407714843750000e+01
3.751149368286132812e+01
3.746187591552734375e+01
3.845412445068359375e+01
3.966893005371093750e+01
4.073781585693359375e+01
4.006278991699218750e+01
4.154888534545898438e+01
4.259846115112304688e+01
3.982839202880859375e+01
4.080611419677734375e+01
4.139098358154296875e+01
3.908969116210937500e+01
3.890167999267578125e+01
3.879125595092773438e+01
3.998259735107421875e+01
4.006371688842773438e+01
3.845033645629882812e+01
4.108654785156250000e+01
3.887744522094726562e+01
3.880702972412109375e+01
3.913579559326171875e+01
3.807972335815429688e+01
4.041721725463867188e+01
3.628638458251953125e+01
4.000199890136718750e+01
3.964837646484375000e+01
3.884521865844726562e+01
3.982575988769531250e+01
3.950754165649414062e+01
4.055035781860351562e+01
3.673527526855468750e+01
3.793439102172851562e+01
4.022342300415039062e+01
4.035043716430664062e+01
4.016695785522460938e+01
3.950854110717773438e+01
3.912115097045898438e+01
3.965682983398437500e+01
3.899539566040039062e+01
3.891956710815429688e+01
3.851256561279296875e+01
3.956314849853515625e+01
3.942693328857421875e+01
3.923264694213867188e+01
3.945077514648437500e+01
3.949109649658203125e+01
3.902397537231445312e+01
4.084909439086914062e+01
4.015418243408203125e+01
3.799259948730468750e+01
3.906956863403320312e+01
4.094310379028320312e+01
3.954344558715820312e+01
3.991931152343750000e+01
3.899531936645507812e+01
4.005029678344726562e+01
4.083907699584960938e+01
3.875504684448242188e+01
4.293053436279296875e+01
4.050562667846679688e+01
3.890499114990234375e+01
3.877120208740234375e+01
4.155936813354492188e+01
3.834539794921875000e+01
3.807774353027343750e+01
3.933346176147460938e+01
4.056463241577148438e+01
3.953523254394531250e+01
3.790115737915039062e+01
3.996103286743164062e+01
4.154092025756835938e+01
3.826923751831054688e+01
3.924525070190429688e+01
4.113482666015625000e+01
4.086670303344726562e+01
3.821686553955078125e+01
3.885486602783203125e+01
3.987659454345703125e+01
3.749932098388671875e+01
3.792332077026367188e+01
3.738616180419921875e+01
4.012351989746093750e+01
3.655432128906250000e+01
3.799902343750000000e+01
4.035243606567382812e+01
3.671011734008789062e+01
3.996451950073242188e+01
3.922142028808593750e+01
3.484532928466796875e+01
3.832088470458984375e+01
3.803732681274414062e+01
3.751596832275390625e+01
3.712526702880859375e+01
3.882958602905273438e+01
3.587046813964843750e+01
3.887542724609375000e+01
3.806810760498046875e+01
3.499699401855468750e+01
3.660171890258789062e+01
3.842179107666015625e+01
3.805418014526367188e+01
3.639562225341796875e+01
3.768499374389648438e+01
3.838512420654296875e+01
3.801617050170898438e+01
3.741199874877929688e+01
4.132514953613281250e+01
3.919376373291015625e+01
3.907125473022460938e+01
3.714639282226562500e+01
3.862760162353515625e+01
3.692224884033203125e+01
3.532459640502929688e+01
3.495987319946289062e+01
3.780521774291992188e+01
3.484911727905273438e+01
3.693945312500000000e+01
3.611222839355468750e+01
3.482835006713867188e+01
3.458504486083984375e+01
3.878827285766601562e+01
3.630936050415039062e+01
3.779399871826171875e+01
3.702014160156250000e+01
3.583191680908203125e+01
3.599254608154296875e+01
3.533263778686523438e+01
3.719477844238281250e+01
3.846034240722656250e+01
3.462053298950195312e+01
3.649419403076171875e+01
3.841699218750000000e+01
3.471942138671875000e+01
3.608752059936523438e+01
3.628090286254882812e+01
3.734447479248046875e+01
3.742534255981445312e+01
3.342247772216796875e+01
3.643769073486328125e+01
3.359617996215820312e+01
3.688510894775390625e+01
3.677638626098632812e+01
3.508007049560546875e+01
3.844793701171875000e+01
3.675751495361328125e+01
3.671378326416015625e+01
3.645952987670898438e+01
3.830529785156250000e+01
3.683960342407226562e+01
3.710412597656250000e+01
3.769947052001953125e+01
3.579625701904296875e+01
3.831515884399414062e+01
3.536175155639648438e+01
3.493769454956054688e+01
3.556880569458007812e+01
3.724800491333007812e+01
3.639703750610351562e+01
3.505329513549804688e+01
3.633871841430664062e+01
3.750913238525390625e+01
3.574586105346679688e+01
3.551423263549804688e+01
3.517340469360351562e+01
3.568125152587890625e+01
3.681014633178710938e+01
3.598598098754882812e+01
3.743416595458984375e+01
3.641617202758789062e+01
3.703258514404296875e+01
3.644105529785156250e+01
3.613933944702148438e+01
4.026139831542968750e+01
3.787159347534179688e+01
3.892182922363281250e+01
3.684652328491210938e+01
3.459988403320312500e+01
3.640274047851562500e+01
3.683747482299804688e+01
3.847881317138671875e+01
4.057258605957031250e+01
3.839694595336914062e+01
3.823136901855468750e+01
3.670142745971679688e+01
4.012242507934570312e+01
3.898998641967773438e+01
3.635034561157226562e+01
3.599798583984375000e+01
3.998366546630859375e+01
3.538590621948242188e+01
3.879341506958007812e+01
3.613698577880859375e+01
3.824733352661132812e+01
3.578350067138671875e+01
3.700804138183593750e+01
3.824537658691406250e+01
3.954162597656250000e+01
3.650632858276367188e+01
3.681312942504882812e+01
3.774490737915039062e+01
3.704896545410156250e+01
3.872368621826171875e+01
3.955395126342773438e+01
3.657788848876953125e+01
4.106892013549804688e+01
3.989104080200195312e+01
4.052550125122070312e+01
3.728691864013671875e+01
3.995116806030273438e+01
3.849806976318359375e+01
3.842802429199218750e+01
3.937811660766601562e+01
3.790396499633789062e+01
3.607878875732421875e+01
4.036444091796875000e+01
4.098309326171875000e+01
3.922757720947265625e+01
3.888980865478515625e+01
3.678461837768554688e+01
3.834704589843750000e+01
3.982721710205078125e+01
3.697542190551757812e+01
3.807114028930664062e+01
3.524399185180664062e+01
3.751656723022460938e+01
3.635163116455078125e+01
3.869725799560546875e+01
3.677571487426757812e+01
3.636053085327148438e+01
3.831249237060546875e+01
3.620363235473632812e+01
3.996691513061523438e+01
3.939522552490234375e+01
3.794478988647460938e+01
3.908498382568359375e+01
4.075274658203125000e+01
3.932143402099609375e+01
3.805270385742187500e+01
3.922290802001953125e+01
3.892708969116210938e+01
4.081708526611328125e+01
3.946684265136718750e+01
3.958071899414062500e+01
3.898927688598632812e+01
3.807766342163085938e+01
3.934335327148437500e+01
4.275518798828125000e+01
4.050509643554687500e+01
4.217449951171875000e+01
4.035762405395507812e+01
3.629294586181640625e+01
4.116579055786132812e+01
3.991186904907226562e+01
3.832689285278320312e+01
3.720553207397460938e+01
3.906285095214843750e+01
4.084604644775390625e+01
4.174597549438476562e+01
4.014212417602539062e+01
4.043532943725585938e+01
3.733745956420898438e+01
3.990715789794921875e+01
4.063917922973632812e+01
3.967773818969726562e+01
4.191888427734375000e+01
3.926271438598632812e+01
4.123907470703125000e+01
4.204916763305664062e+01
3.849700927734375000e+01
3.923427200317382812e+01
3.985865020751953125e+01
4.181792068481445312e+01
4.126895523071289062e+01
4.650401687622070312e+01
4.373628616333007812e+01
4.040521621704101562e+01
4.437346267700195312e+01
4.112151336669921875e+01
4.144860839843750000e+01
4.116795349121093750e+01
4.626695251464843750e+01
4.156037521362304688e+01
4.392569351196289062e+01
4.448646163940429688e+01
4.326123428344726562e+01
4.184664535522460938e+01
4.287728118896484375e+01
4.322081756591796875e+01
4.260581207275390625e+01
4.177070236206054688e+01
4.489583206176757812e+01
4.254327774047851562e+01
4.127973556518554688e+01
4.236509323120117188e+01
4.444750595092773438e+01
4.331472778320312500e+01
4.285340881347656250e+01
4.325238418579101562e+01
4.288233566284179688e+01
4.476280593872070312e+01
4.354630279541015625e+01
4.313052368164062500e+01
4.207633209228515625e+01
4.354104614257812500e+01
4.318849563598632812e+01
4.278285217285156250e+01
4.390917205810546875e+01
4.477235031127929688e+01
4.420278549194335938e+01
4.232646179199218750e+01
4.412907791137695312e+01
4.608248901367187500e+01
4.555085372924804688e+01
4.489353561401367188e+01
4.630624008178710938e+01
4.500582122802734375e+01
4.205238342285156250e+01
4.405273437500000000e+01
4.270628738403320312e+01
4.627211761474609375e+01
4.486964416503906250e+01
4.335438919067382812e+01
4.621487426757812500e+01
4.577568054199218750e+01
4.745647048950195312e+01
4.543673324584960938e+01
4.310797500610351562e+01
4.503623580932617188e+01
4.862565994262695312e+01
4.416307067871093750e+01
5.036063385009765625e+01
4.551059722900390625e+01
4.542912673950195312e+01
5.012349319458007812e+01
4.473963928222656250e+01
4.656108474731445312e+01
4.667125701904296875e+01
4.875194549560546875e+01
4.963689041137695312e+01
4.852092361450195312e+01
5.040557861328125000e+01
4.903408432006835938e+01
4.906660079956054688e+01
4.960227203369140625e+01
4.716299438476562500e+01
4.917500686645507812e+01
4.628929519653320312e+01
4.698308563232421875e+01
4.742461776733398438e+01
4.838425445556640625e+01
4.666018676757812500e+01
5.008435058593750000e+01
4.729325866699218750e+01
4.651701736450195312e+01
4.910516357421875000e+01
4.809312057495117188e+01
4.634037399291992188e+01
4.592139816284179688e+01
5.237760162353515625e+01
4.879131698608398438e+01
5.208066940307617188e+01
5.218322753906250000e+01
4.789822387695312500e+01
4.974710845947265625e+01
5.092643737792968750e+01
5.058493041992187500e+01
5.196342086791992188e+01
4.627939224243164062e+01
4.679619216918945312e+01
4.874621963500976562e+01
4.882159805297851562e+01
5.091735076904296875e+01
5.136418914794921875e+01
4.895181274414062500e+01
5.069769668579101562e+01
5.089525604248046875e+01
4.920196914672851562e+01
5.004822540283203125e+01
4.604872894287109375e+01
5.260247802734375000e+01
4.897489929199218750e+01
4.807438278198242188e+01
5.052929687500000000e+01
5.018896102905273438e+01
5.207233047485351562e+01
5.129401779174804688e+01
4.725458526611328125e+01
4.786249160766601562e+01
5.192028808593750000e+01
4.937145233154296875e+01
5.272478485107421875e+01
5.206908416748046875e+01
4.945595169067382812e+01
4.992327499389648438e+01
5.038685607910156250e+01
5.308165740966796875e+01
5.306158447265625000e+01
5.361246109008789062e+01
5.597664642333984375e+01
5.353592681884765625e+01
5.034563827514648438e+01
5.219249343872070312e+01
5.387773513793945312e+01
5.247489166259765625e+01
5.082379531860351562e+01
5.602019500732421875e+01
4.922947692871093750e+01
5.511111068725585938e+01
5.540043258666992188e+01
5.465320968627929688e+01
5.359888458251953125e+01
5.142689132690429688e+01
5.569867324829101562e+01
5.186226654052734375e+01
5.838780593872070312e+01
5.374624633789062500e+01
5.645708465576171875e+01
5.790104675292968750e+01
5.696288681030273438e+01
5.317995834350585938e+01
6.979517364501953125e+01
5.856829452514648438e+01
5.752161026000976562e+01
5.671820449829101562e+01
6.189505386352539062e+01
5.882120132446289062e+01
5.840995407104492188e+01
5.617864227294921875e+01
5.239029693603515625e+01
5.539666366577148438e+01
6.101280212402343750e+01
5.669353866577148438e+01
5.613297653198242188e+01
5.567580413818359375e+01
6.054089736938476562e+01
5.912920379638671875e+01
5.457563781738281250e+01
6.236954498291015625e+01
5.836475372314453125e+01
6.185309982299804688e+01
5.532025146484375000e+01
5.693961715698242188e+01
5.557817077636718750e+01
6.170020294189453125e+01
5.696583175659179688e+01
5.950422668457031250e+01
6.007921981811523438e+01
5.915753173828125000e+01
5.964904022216796875e+01
6.334413909912109375e+01
5.975307083129882812e+01
5.889432525634765625e+01
6.040531539916992188e+01
5.875878143310546875e+01
5.706114196777343750e+01
6.010660934448242188e+01
6.157091522216796875e+01
5.963131332397460938e+01
6.256410598754882812e+01
5.953003311157226562e+01
6.265628433227539062e+01
6.532305145263671875e+01
6.206157684326171875e+01
5.860293579101562500e+01
6.149021911621093750e+01
6.121862411499023438e+01
6.345940399169921875e+01
5.890504074096679688e+01
5.971761322021484375e+01
6.092593765258789062e+01
6.176982116699218750e+01
6.269928741455078125e+01
6.018714141845703125e+01
6.206729507446289062e+01
6.623554229736328125e+01
6.203155517578125000e+01
6.932334136962890625e+01
6.497357177734375000e+01
6.541897583007812500e+01
7.180989837646484375e+01
6.481546020507812500e+01
6.005302429199218750e+01
6.621743774414062500e+01
6.492144012451171875e+01
6.270314788818359375e+01
6.544039154052734375e+01
6.273590469360351562e+01
6.649246978759765625e+01
6.592764282226562500e+01
6.653373718261718750e+01
6.175516510009765625e+01
6.619798278808593750e+01
6.369290542602539062e+01
6.824060821533203125e+01
7.254655456542968750e+01
6.690357971191406250e+01
6.827301025390625000e+01
6.464560699462890625e+01
6.287831497192382812e+01
6.307960891723632812e+01
6.368138885498046875e+01
6.555818939208984375e+01
6.467872619628906250e+01
6.668157958984375000e+01
6.562815856933593750e+01
7.159321594238281250e+01
6.801972198486328125e+01
6.268508911132812500e+01
6.920413970947265625e+01
6.583819580078125000e+01
6.820739746093750000e+01
6.705773162841796875e+01
6.752922821044921875e+01
6.730944824218750000e+01
7.049993896484375000e+01
6.959571838378906250e+01
7.102104949951171875e+01
6.658803558349609375e+01
6.589050292968750000e+01
6.355936813354492188e+01
6.622223663330078125e+01
6.360110473632812500e+01
6.687248229980468750e+01
6.654214477539062500e+01
7.104175567626953125e+01
6.671184539794921875e+01
6.782505035400390625e+01
6.588109588623046875e+01
6.736859130859375000e+01
6.737713623046875000e+01
6.940268707275390625e+01
6.707007598876953125e+01
7.081427001953125000e+01
6.789062500000000000e+01
7.093783569335937500e+01
7.059935760498046875e+01
6.988082885742187500e+01
6.995190429687500000e+01
7.237048339843750000e+01
6.591327667236328125e+01
7.031868743896484375e+01
6.860781860351562500e+01
6.664624786376953125e+01
7.057514953613281250e+01
6.779906463623046875e+01
6.668254852294921875e+01
7.437480926513671875e+01
6.807247161865234375e+01
7.200173187255859375e+01
7.242691040039062500e+01
7.024003601074218750e+01
7.312348175048828125e+01
6.845697021484375000e+01
7.055207824707031250e+01
7.102488708496093750e+01
7.171307373046875000e+01
7.384372711181640625e+01
7.209460449218750000e+01
7.273545074462890625e+01
6.817820739746093750e+01
7.298651885986328125e+01
6.961886596679687500e+01
7.354265594482421875e+01
7.273014831542968750e+01
7.372624969482421875e+01
7.486466217041015625e+01
7.289238739013671875e+01
7.075155639648437500e+01
7.371326446533203125e+01
7.670976257324218750e+01
7.603786468505859375e+01
7.918226623535156250e+01
6.961590576171875000e+01
7.280593872070312500e+01
7.114823150634765625e+01
7.375762176513671875e+01
7.362686157226562500e+01
7.914798736572265625e+01
7.387745666503906250e+01
7.113092041015625000e+01
7.071949768066406250e+01
7.272679138183593750e+01
7.148973083496093750e+01
6.974687194824218750e+01
6.925138854980468750e+01
6.494559478759765625e+01
6.635032653808593750e+01
6.569040679931640625e+01
6.913877868652343750e+01
6.621163940429687500e+01
7.438793945312500000e+01
6.873957824707031250e+01
6.834809875488281250e+01
7.335171508789062500e+01
7.209069061279296875e+01
7.455624389648437500e+01
7.243442535400390625e+01
7.106065368652343750e+01
7.174703216552734375e+01
7.168656158447265625e+01
7.442103576660156250e+01
7.262477111816406250e+01
7.161229705810546875e+01
