0.000000000000000000e+00
0.000000000000000000e+00
0.000000000000000000e+00
8.819731473922729492e-01
8.942255973815917969e-01
2.025717973709106445e+00
1.485766649246215820e+00
2.616807699203491211e+00
2.568777322769165039e+00
2.512170076370239258e+00
2.384814023971557617e+00
2.295940637588500977e+00
2.696736812591552734e+00
2.512420415878295898e+00
2.749765396118164062e+00
2.871595144271850586e+00
2.906306505203247070e+00
3.089149475097656250e+00
3.325992584228515625e+00
3.209540605545043945e+00
4.808073997497558594e+00
4.284600257873535156e+00
4.294138908386230469e+00
4.722994327545166016e+00
4.471864700317382812e+00
4.404335498809814453e+00
4.157733440399169922e+00
4.254998207092285156e+00
4.073669433593750000e+00
3.894144058227539062e+00
3.811875343322753906e+00
3.547620058059692383e+00
3.229163169860839844e+00
3.012798309326171875e+00
2.765740633010864258e+00
2.605186462402343750e+00
2.375727891921997070e+00
2.232106924057006836e+00
2.075913429260253906e+00
1.955775380134582520e+00
1.856847286224365234e+00
1.775344967842102051e+00
1.699391126632690430e+00
1.650808811187744141e+00
1.579349637031555176e+00
1.492019295692443848e+00
1.431168198585510254e+00
1.385014414787292480e+00
1.340930938720703125e+00
1.294469952583312988e+00
1.265005826950073242e+00
1.248922348022460938e+00
1.219191074371337891e+00
1.177668690681457520e+00
1.162878513336181641e+00
1.140913605690002441e+00
1.121148467063903809e+00
1.089548587799072266e+00
1.067061543464660645e+00
1.050219774246215820e+00
1.021353602409362793e+00
9.981041550636291504e-01
9.862267971038818359e-01
9.513205885887145996e-01
9.427879452705383301e-01
9.228309392929077148e-01
8.809167742729187012e-01
8.626540303230285645e-01
8.419609665870666504e-01
8.243079185485839844e-01
8.262580633163452148e-01
8.077008724212646484e-01
7.896674275398254395e-01
7.908129096031188965e-01
7.703438997268676758e-01
7.519404292106628418e-01
7.533637881278991699e-01
7.467573285102844238e-01
7.287119030952453613e-01
7.199217081069946289e-01
7.120429873466491699e-01
7.047019004821777344e-01
6.956696510314941406e-01
6.936863064765930176e-01
6.935628652572631836e-01
6.831116676330566406e-01
6.782726049423217773e-01
6.758673191070556641e-01
6.796768903732299805e-01
6.899648308753967285e-01
6.908469200134277344e-01
6.913623213768005371e-01
6.933868527412414551e-01
6.990507245063781738e-01
6.932063698768615723e-01
6.884539723396301270e-01
6.951590776443481445e-01
6.888377666473388672e-01
7.013264298439025879e-01
7.068661451339721680e-01
7.275299429893493652e-01
7.532464861869812012e-01
7.453786134719848633e-01
7.608430981636047363e-01
7.574092745780944824e-01
7.654470801353454590e-01
7.607539296150207520e-01
7.765874266624450684e-01
7.723437547683715820e-01
7.787021994590759277e-01
7.852198481559753418e-01
7.977670431137084961e-01
8.121031522750854492e-01
7.935673594474792480e-01
8.165277242660522461e-01
7.887064814567565918e-01
7.939946055412292480e-01
8.223263621330261230e-01
8.453782796859741211e-01
8.179877996444702148e-01
8.154399394989013672e-01
8.352693319320678711e-01
8.271728754043579102e-01
8.479682803153991699e-01
8.308864831924438477e-01
8.513087034225463867e-01
8.872023224830627441e-01
8.615690469741821289e-01
8.787265419960021973e-01
9.007239937782287598e-01
8.931136727333068848e-01
8.783218264579772949e-01
9.567229151725769043e-01
9.609306454658508301e-01
9.663305878639221191e-01
9.217758774757385254e-01
9.524958729743957520e-01
1.014270901679992676e+00
9.874040484428405762e-01
1.029500484466552734e+00
1.000512003898620605e+00
1.015256643295288086e+00
1.001305580139160156e+00
1.022523880004882812e+00
1.065008521080017090e+00
1.049074172973632812e+00
1.045189142227172852e+00
1.076677799224853516e+00
1.077060818672180176e+00
1.080436825752258301e+00
1.126492381095886230e+00
1.134385585784912109e+00
1.075493454933166504e+00
1.179700493812561035e+00
1.122319936752319336e+00
1.196396470069885254e+00
1.143037557601928711e+00
1.191448926925659180e+00
1.204330563545227051e+00
1.191145658493041992e+00
1.214221715927124023e+00
1.172664999961853027e+00
1.198035597801208496e+00
1.227676749229431152e+00
1.211530804634094238e+00
1.225783467292785645e+00
1.274935007095336914e+00
1.201090812683105469e+00
1.291049480438232422e+00
1.314025998115539551e+00
1.280840039253234863e+00
1.302617788314819336e+00
1.343327760696411133e+00
1.276343345642089844e+00
1.265581011772155762e+00
1.304269194602966309e+00
1.293433070182800293e+00
1.359996795654296875e+00
1.368890404701232910e+00
1.312865376472473145e+00
1.286036610603332520e+00
1.360193371772766113e+00
1.281782865524291992e+00
1.274489283561706543e+00
1.342970013618469238e+00
1.359603524208068848e+00
1.375661492347717285e+00
1.380188822746276855e+00
1.369878888130187988e+00
1.468138337135314941e+00
1.409897565841674805e+00
1.385113239288330078e+00
1.432444810867309570e+00
1.396268129348754883e+00
1.371713042259216309e+00
1.418662905693054199e+00
1.463228464126586914e+00
1.451032757759094238e+00
1.503111243247985840e+00
1.454564094543457031e+00
1.547308325767517090e+00
1.440239667892456055e+00
1.513722062110900879e+00
1.477402091026306152e+00
1.595273017883300781e+00
1.517492651939392090e+00
1.463149666786193848e+00
1.530663847923278809e+00
1.527235865592956543e+00
1.496802449226379395e+00
1.473824977874755859e+00
1.502637147903442383e+00
1.476137161254882812e+00
1.560007810592651367e+00
1.607198119163513184e+00
1.588161587715148926e+00
1.550399661064147949e+00
1.657542347908020020e+00
1.594163656234741211e+00
1.562652111053466797e+00
1.614286184310913086e+00
1.562748432159423828e+00
1.564069628715515137e+00
1.633326768875122070e+00
1.644374728202819824e+00
1.689321517944335938e+00
1.599511384963989258e+00
1.674002408981323242e+00
1.647655367851257324e+00
1.775821924209594727e+00
1.610658407211303711e+00
1.696485638618469238e+00
1.680117607116699219e+00
1.633957862854003906e+00
1.681668996810913086e+00
1.772729754447937012e+00
1.733539581298828125e+00
1.759831309318542480e+00
1.705148220062255859e+00
1.793679237365722656e+00
1.762722373008728027e+00
1.776119828224182129e+00
1.785579085350036621e+00
1.778143048286437988e+00
1.883547663688659668e+00
1.853668689727783203e+00
1.881217598915100098e+00
1.898601412773132324e+00
1.816117167472839355e+00
2.128986835479736328e+00
1.923682689666748047e+00
1.946096658706665039e+00
2.230906248092651367e+00
2.000245809555053711e+00
2.032401323318481445e+00
1.949786901473999023e+00
1.958370804786682129e+00
2.005988121032714844e+00
1.916087150573730469e+00
2.097284555435180664e+00
1.878209948539733887e+00
1.971493363380432129e+00
2.057651281356811523e+00
2.042543649673461914e+00
2.156603813171386719e+00
1.983598947525024414e+00
1.893453598022460938e+00
1.860419869422912598e+00
2.060174703598022461e+00
1.839632511138916016e+00
1.795338869094848633e+00
1.801252484321594238e+00
1.874012708663940430e+00
1.822175502777099609e+00
1.728708863258361816e+00
1.759337902069091797e+00
1.622273683547973633e+00
1.772914886474609375e+00
1.621409416198730469e+00
1.486106634140014648e+00
1.466112852096557617e+00
1.427742481231689453e+00
1.583424806594848633e+00
1.451404929161071777e+00
1.336285114288330078e+00
1.570273041725158691e+00
1.604922771453857422e+00
1.443592548370361328e+00
1.449034214019775391e+00
1.528027296066284180e+00
1.385737419128417969e+00
2.174826622009277344e+00
1.788118720054626465e+00
2.094460964202880859e+00
1.900817632675170898e+00
1.742805719375610352e+00
1.707603812217712402e+00
1.707798361778259277e+00
1.637290239334106445e+00
1.915224313735961914e+00
1.735271334648132324e+00
2.132786035537719727e+00
1.955011487007141113e+00
1.900200247764587402e+00
1.734476804733276367e+00
1.788069128990173340e+00
2.019468069076538086e+00
2.158544540405273438e+00
1.721027851104736328e+00
2.185968399047851562e+00
1.987747311592102051e+00
2.069958686828613281e+00
2.256500005722045898e+00
2.515242815017700195e+00
2.056606054306030273e+00
2.185548305511474609e+00
2.037639141082763672e+00
2.266817092895507812e+00
2.126501560211181641e+00
2.142996549606323242e+00
2.437196254730224609e+00
2.266345262527465820e+00
1.963729739189147949e+00
1.932246327400207520e+00
2.150661945343017578e+00
2.683614253997802734e+00
2.542565822601318359e+00
2.477444410324096680e+00
2.163854122161865234e+00
2.452312946319580078e+00
2.215345144271850586e+00
2.389501094818115234e+00
2.758691310882568359e+00
2.378723621368408203e+00
2.827646493911743164e+00
2.529716253280639648e+00
2.754151105880737305e+00
2.957433223724365234e+00
3.124466419219970703e+00
2.753432989120483398e+00
3.238742828369140625e+00
2.563282251358032227e+00
2.989574193954467773e+00
2.555791616439819336e+00
2.837905168533325195e+00
3.133869171142578125e+00
2.843449592590332031e+00
3.210489273071289062e+00
3.305647373199462891e+00
3.006853818893432617e+00
2.944863796234130859e+00
3.259527921676635742e+00
3.141997337341308594e+00
3.276632547378540039e+00
2.861509799957275391e+00
2.831773519515991211e+00
3.191537618637084961e+00
3.103136539459228516e+00
3.087035655975341797e+00
3.259100675582885742e+00
3.540133714675903320e+00
3.215724706649780273e+00
3.288424968719482422e+00
2.915151357650756836e+00
3.180907249450683594e+00
3.365400075912475586e+00
2.889935970306396484e+00
3.316168546676635742e+00
3.387152194976806641e+00
3.329160213470458984e+00
3.352422475814819336e+00
3.558350324630737305e+00
3.172905206680297852e+00
3.397650957107543945e+00
4.302162647247314453e+00
3.821358442306518555e+00
3.717591047286987305e+00
3.287940025329589844e+00
3.577682733535766602e+00
3.441063880920410156e+00
3.867362737655639648e+00
3.731661081314086914e+00
3.686486005783081055e+00
3.710899591445922852e+00
3.731797933578491211e+00
3.489078521728515625e+00
3.397164583206176758e+00
3.466109752655029297e+00
3.463241338729858398e+00
3.642723321914672852e+00
3.851225137710571289e+00
3.848578214645385742e+00
3.663522481918334961e+00
4.020389080047607422e+00
4.027756690979003906e+00
4.160073280334472656e+00
3.821013689041137695e+00
3.624048233032226562e+00
4.006829261779785156e+00
3.720573663711547852e+00
3.489027261734008789e+00
3.807250499725341797e+00
4.034023761749267578e+00
3.790036201477050781e+00
3.687105894088745117e+00
3.812704563140869141e+00
4.134745597839355469e+00
4.282000541687011719e+00
4.116226673126220703e+00
4.170052528381347656e+00
4.156869888305664062e+00
4.347377300262451172e+00
4.277457714080810547e+00
3.974134206771850586e+00
4.408072471618652344e+00
4.212081909179687500e+00
4.402550697326660156e+00
4.261533737182617188e+00
4.548264503479003906e+00
4.150845527648925781e+00
4.000250816345214844e+00
4.486629962921142578e+00
4.821808815002441406e+00
4.874146461486816406e+00
4.993552684783935547e+00
5.177902221679687500e+00
4.915630817413330078e+00
5.087410926818847656e+00
4.925685405731201172e+00
5.186196327209472656e+00
4.949720859527587891e+00
4.986290454864501953e+00
5.178499221801757812e+00
5.332185745239257812e+00
4.926364898681640625e+00
5.553570270538330078e+00
5.478309154510498047e+00
5.366805553436279297e+00
5.160402297973632812e+00
5.305120468139648438e+00
5.633286952972412109e+00
5.823915004730224609e+00
5.766772270202636719e+00
6.012073040008544922e+00
6.108288764953613281e+00
6.456803798675537109e+00
6.389844894409179688e+00
6.671615600585937500e+00
5.946823120117187500e+00
6.389910697937011719e+00
5.900243759155273438e+00
6.089633464813232422e+00
6.506230354309082031e+00
6.225874900817871094e+00
6.697454452514648438e+00
6.133512020111083984e+00
6.555129051208496094e+00
6.500916481018066406e+00
7.257982730865478516e+00
6.511239528656005859e+00
7.353160381317138672e+00
6.537349700927734375e+00
7.039086341857910156e+00
7.290794849395751953e+00
6.929864406585693359e+00
7.176820278167724609e+00
7.208250045776367188e+00
7.058024883270263672e+00
7.637655735015869141e+00
7.305686473846435547e+00
7.602873802185058594e+00
6.934187412261962891e+00
7.310219764709472656e+00
7.702113151550292969e+00
7.647640705108642578e+00
7.913698673248291016e+00
8.464199066162109375e+00
8.125408172607421875e+00
8.277953147888183594e+00
8.090114593505859375e+00
8.368753433227539062e+00
8.401649475097656250e+00
8.745344161987304688e+00
8.547900199890136719e+00
8.573171615600585938e+00
8.548056602478027344e+00
8.147611618041992188e+00
8.491212844848632812e+00
8.313497543334960938e+00
8.954499244689941406e+00
8.450200080871582031e+00
8.958392143249511719e+00
9.436972618103027344e+00
8.858575820922851562e+00
9.438706398010253906e+00
9.226614952087402344e+00
9.564238548278808594e+00
9.444146156311035156e+00
9.735462188720703125e+00
9.717136383056640625e+00
9.489640235900878906e+00
9.711211204528808594e+00
1.016293716430664062e+01
9.700658798217773438e+00
1.065997695922851562e+01
1.000543975830078125e+01
9.788720130920410156e+00
1.014051914215087891e+01
9.673050880432128906e+00
1.020285415649414062e+01
1.067194747924804688e+01
1.077022552490234375e+01
1.047252750396728516e+01
1.076182270050048828e+01
1.094326972961425781e+01
1.106654357910156250e+01
1.088083553314208984e+01
1.165699291229248047e+01
1.081544780731201172e+01
1.075035953521728516e+01
1.134660530090332031e+01
1.110102176666259766e+01
1.201911926269531250e+01
1.203268527984619141e+01
1.246173286437988281e+01
1.258100223541259766e+01
1.387871170043945312e+01
1.321111965179443359e+01
1.255927371978759766e+01
1.311246871948242188e+01
1.254672145843505859e+01
1.289496803283691406e+01
1.376481819152832031e+01
1.241374492645263672e+01
1.265128135681152344e+01
1.341330146789550781e+01
1.344109916687011719e+01
1.320057582855224609e+01
1.334540748596191406e+01
1.296423625946044922e+01
1.348956680297851562e+01
1.343018341064453125e+01
1.361737823486328125e+01
1.435252761840820312e+01
1.442602348327636719e+01
1.346012115478515625e+01
1.367442989349365234e+01
1.423793125152587891e+01
1.373314094543457031e+01
1.413590431213378906e+01
1.514899444580078125e+01
1.413517761230468750e+01
1.506047248840332031e+01
1.437778186798095703e+01
1.452028846740722656e+01
1.413776969909667969e+01
1.432031822204589844e+01
1.527836704254150391e+01
1.469314098358154297e+01
1.447904300689697266e+01
1.485144519805908203e+01
1.473064231872558594e+01
1.532380580902099609e+01
1.509392166137695312e+01
1.566504383087158203e+01
1.516711616516113281e+01
1.524276256561279297e+01
1.525354003906250000e+01
1.571169567108154297e+01
1.654814529418945312e+01
1.581387805938720703e+01
1.624370002746582031e+01
1.605578422546386719e+01
1.645786666870117188e+01
1.795137977600097656e+01
1.753602409362792969e+01
1.853125000000000000e+01
1.746158218383789062e+01
1.741307449340820312e+01
1.786804389953613281e+01
1.613042449951171875e+01
1.723316001892089844e+01
1.760722923278808594e+01
1.790552520751953125e+01
1.767333221435546875e+01
1.810299301147460938e+01
1.776471328735351562e+01
1.913986015319824219e+01
1.738925170898437500e+01
1.876119804382324219e+01
1.876921272277832031e+01
1.740353012084960938e+01
1.705243682861328125e+01
1.855022239685058594e+01
1.835559844970703125e+01
1.826283454895019531e+01
1.860625839233398438e+01
1.922851943969726562e+01
1.952130126953125000e+01
1.872107124328613281e+01
1.882151222229003906e+01
1.843836593627929688e+01
1.810154533386230469e+01
1.861373138427734375e+01
1.930216407775878906e+01
1.938981628417968750e+01
1.822101974487304688e+01
1.938461685180664062e+01
1.861606216430664062e+01
2.026963615417480469e+01
1.911313629150390625e+01
1.879220390319824219e+01
1.951555061340332031e+01
2.039178466796875000e+01
1.993194961547851562e+01
1.989856147766113281e+01
1.870519447326660156e+01
1.881608581542968750e+01
1.937318801879882812e+01
1.933074188232421875e+01
1.959000778198242188e+01
1.943619918823242188e+01
1.961583137512207031e+01
2.012243080139160156e+01
2.139783477783203125e+01
2.106327819824218750e+01
1.961439132690429688e+01
2.046426200866699219e+01
2.016564178466796875e+01
2.049128913879394531e+01
2.136873054504394531e+01
2.125740623474121094e+01
2.071685981750488281e+01
2.110338973999023438e+01
2.260034370422363281e+01
2.178866386413574219e+01
2.201207733154296875e+01
2.164105033874511719e+01
2.254405403137207031e+01
2.121706199645996094e+01
2.205470085144042969e+01
2.201244926452636719e+01
2.425969123840332031e+01
2.168557167053222656e+01
2.244213867187500000e+01
2.336635971069335938e+01
2.228454399108886719e+01
2.144438171386718750e+01
2.309742736816406250e+01
2.091219520568847656e+01
2.182230949401855469e+01
2.211198425292968750e+01
2.247579383850097656e+01
2.287176513671875000e+01
2.181842041015625000e+01
2.308889579772949219e+01
2.181406402587890625e+01
2.290462684631347656e+01
2.245977401733398438e+01
2.370121002197265625e+01
2.405507469177246094e+01
2.448917961120605469e+01
2.306606101989746094e+01
2.346811676025390625e+01
2.419996070861816406e+01
2.394419479370117188e+01
2.360299682617187500e+01
2.336360168457031250e+01
2.245968818664550781e+01
2.387430381774902344e+01
2.383345413208007812e+01
2.474377059936523438e+01
2.447852516174316406e+01
2.303023910522460938e+01
2.374644851684570312e+01
2.317844009399414062e+01
2.275363922119140625e+01
2.344419097900390625e+01
2.342236709594726562e+01
2.250920677185058594e+01
2.472849273681640625e+01
2.426712799072265625e+01
2.461766242980957031e+01
2.390341186523437500e+01
2.389944839477539062e+01
2.465425300598144531e+01
2.347232055664062500e+01
2.533536911010742188e+01
2.622228431701660156e+01
2.533185005187988281e+01
2.494987869262695312e+01
2.536393737792968750e+01
2.348967170715332031e+01
2.457600402832031250e+01
2.358109092712402344e+01
2.458824539184570312e+01
2.635708808898925781e+01
2.239590263366699219e+01
2.351559257507324219e+01
2.386958122253417969e+01
2.506598472595214844e+01
2.476854705810546875e+01
2.472838973999023438e+01
2.336729240417480469e+01
2.503194999694824219e+01
2.523101425170898438e+01
2.462938308715820312e+01
2.530526161193847656e+01
2.553665924072265625e+01
2.292546463012695312e+01
2.331531333923339844e+01
2.455616950988769531e+01
2.598196792602539062e+01
2.540737724304199219e+01
2.709244918823242188e+01
2.413535881042480469e+01
2.626458168029785156e+01
2.420201110839843750e+01
2.582818984985351562e+01
2.417471885681152344e+01
2.513695716857910156e+01
2.532968711853027344e+01
2.456008911132812500e+01
2.423438453674316406e+01
2.471219253540039062e+01
2.467393302917480469e+01
2.671337890625000000e+01
2.366689491271972656e+01
2.379310226440429688e+01
2.219491386413574219e+01
2.206695175170898438e+01
2.430797958374023438e+01
2.464911651611328125e+01
2.396189880371093750e+01
2.454872703552246094e+01
2.412996101379394531e+01
2.307859802246093750e+01
2.421197319030761719e+01
2.230508995056152344e+01
2.446561241149902344e+01
2.377635574340820312e+01
2.444401550292968750e+01
2.164341354370117188e+01
2.293139076232910156e+01
2.310315704345703125e+01
2.290109634399414062e+01
2.183715248107910156e+01
2.415274238586425781e+01
2.323755836486816406e+01
2.304295349121093750e+01
2.363456344604492188e+01
2.325649642944335938e+01
2.407493019104003906e+01
2.146328926086425781e+01
2.284345054626464844e+01
2.238151931762695312e+01
2.283922767639160156e+01
2.280677413940429688e+01
2.445143699645996094e+01
2.345558547973632812e+01
2.345570755004882812e+01
2.295219993591308594e+01
2.463871574401855469e+01
2.349574661254882812e+01
2.158848190307617188e+01
2.317836380004882812e+01
2.356815719604492188e+01
2.281834983825683594e+01
2.169874572753906250e+01
2.254959487915039062e+01
2.242505455017089844e+01
2.096373367309570312e+01
2.224647331237792969e+01
1.964856338500976562e+01
2.143246078491210938e+01
2.255189704895019531e+01
2.100077438354492188e+01
2.101149749755859375e+01
2.197764396667480469e+01
2.138525772094726562e+01
2.211654853820800781e+01
2.351586723327636719e+01
2.253818511962890625e+01
2.245539093017578125e+01
2.189343070983886719e+01
2.132116127014160156e+01
2.255319023132324219e+01
2.216141891479492188e+01
2.366238212585449219e+01
2.167427253723144531e+01
2.148536682128906250e+01
2.179426956176757812e+01
2.047893524169921875e+01
2.231443405151367188e+01
2.273728561401367188e+01
2.043121719360351562e+01
2.191485214233398438e+01
2.198706245422363281e+01
2.172164344787597656e+01
2.091481590270996094e+01
2.176885223388671875e+01
2.286092185974121094e+01
2.567161941528320312e+01
2.272994613647460938e+01
2.155543899536132812e+01
2.299395561218261719e+01
2.479730224609375000e+01
2.366094589233398438e+01
2.292394065856933594e+01
2.329877281188964844e+01
2.130303573608398438e+01
1.986459922790527344e+01
2.336994743347167969e+01
2.412025451660156250e+01
2.373267936706542969e+01
2.181012153625488281e+01
2.162029647827148438e+01
2.211894798278808594e+01
2.072131729125976562e+01
1.970137023925781250e+01
2.350506210327148438e+01
2.101851654052734375e+01
2.386398124694824219e+01
2.236802864074707031e+01
2.247616386413574219e+01
2.303179359436035156e+01
2.189994049072265625e+01
2.222808647155761719e+01
2.337134552001953125e+01
2.332005119323730469e+01
2.244844436645507812e+01
2.280513954162597656e+01
2.322531890869140625e+01
2.260429000854492188e+01
2.442453575134277344e+01
2.256783485412597656e+01
2.173968124389648438e+01
2.212807464599609375e+01
2.236386489868164062e+01
2.310277366638183594e+01
2.202657890319824219e+01
2.240738868713378906e+01
2.274486923217773438e+01
2.521208190917968750e+01
2.280569839477539062e+01
2.111647224426269531e+01
1.916115570068359375e+01
2.141174697875976562e+01
2.125629234313964844e+01
2.391093444824218750e+01
2.342246055603027344e+01
2.384069442749023438e+01
2.131511497497558594e+01
2.272035980224609375e+01
2.263685989379882812e+01
2.312594223022460938e+01
2.068715476989746094e+01
2.287959098815917969e+01
2.252327537536621094e+01
2.027037811279296875e+01
2.167374801635742188e+01
2.264003372192382812e+01
2.097848701477050781e+01
2.036197853088378906e+01
1.942380905151367188e+01
2.177993392944335938e+01
2.048943710327148438e+01
2.016539382934570312e+01
2.079247665405273438e+01
2.195773506164550781e+01
1.972417068481445312e+01
2.167628860473632812e+01
1.990312385559082031e+01
1.976751136779785156e+01
2.112654304504394531e+01
1.980149459838867188e+01
2.094605445861816406e+01
2.051112174987792969e+01
2.226298713684082031e+01
2.060016059875488281e+01
2.209627914428710938e+01
1.998772048950195312e+01
2.141654205322265625e+01
2.153473854064941406e+01
2.104825592041015625e+01
2.097537994384765625e+01
2.094502067565917969e+01
2.258522605895996094e+01
2.012326431274414062e+01
1.891355895996093750e+01
2.165514183044433594e+01
2.130337333679199219e+01
1.871930313110351562e+01
2.016235351562500000e+01
2.252353477478027344e+01
1.971644401550292969e+01
2.099820709228515625e+01
2.312283134460449219e+01
2.119072723388671875e+01
2.382457351684570312e+01
2.001052665710449219e+01
2.101187896728515625e+01
2.134310150146484375e+01
2.214623069763183594e+01
1.969141006469726562e+01
2.167477416992187500e+01
2.140172195434570312e+01
2.100205230712890625e+01
2.059738349914550781e+01
2.063134002685546875e+01
2.007867240905761719e+01
2.084533119201660156e+01
1.989339828491210938e+01
2.045763587951660156e+01
2.217651176452636719e+01
2.018957710266113281e+01
1.904928970336914062e+01
1.977004241943359375e+01
2.019939422607421875e+01
1.953855514526367188e+01
2.051519203186035156e+01
2.064883995056152344e+01
1.997906303405761719e+01
2.106216049194335938e+01
2.029981994628906250e+01
2.333651351928710938e+01
2.026646423339843750e+01
1.949498367309570312e+01
2.207630538940429688e+01
2.311178970336914062e+01
2.100611686706542969e+01
1.996615600585937500e+01
1.978638267517089844e+01
1.968731307983398438e+01
1.945994186401367188e+01
2.131740379333496094e+01
2.049175262451171875e+01
1.984687042236328125e+01
2.011360168457031250e+01
2.160510063171386719e+01
2.185581970214843750e+01
2.224529647827148438e+01
2.105679702758789062e+01
2.167420959472656250e+01
2.170671844482421875e+01
2.065461540222167969e+01
2.329319190979003906e+01
2.187754249572753906e+01
2.253418350219726562e+01
2.217009353637695312e+01
2.112641334533691406e+01
2.365982627868652344e+01
2.204056167602539062e+01
2.097292518615722656e+01
2.213500976562500000e+01
2.334455680847167969e+01
2.159050750732421875e+01
2.215450859069824219e+01
2.332491302490234375e+01
2.246925544738769531e+01
2.489926910400390625e+01
2.361264228820800781e+01
2.305823326110839844e+01
2.061166381835937500e+01
2.223497009277343750e+01
2.396352005004882812e+01
2.259845352172851562e+01
2.155935859680175781e+01
2.419341087341308594e+01
2.159847831726074219e+01
2.294340324401855469e+01
2.099268341064453125e+01
2.032382011413574219e+01
2.263353157043457031e+01
2.350857353210449219e+01
2.300575637817382812e+01
2.276012992858886719e+01
2.344964790344238281e+01
2.159366226196289062e+01
2.217529678344726562e+01
2.396232223510742188e+01
2.294731330871582031e+01
2.114039039611816406e+01
2.442010688781738281e+01
2.426741027832031250e+01
2.211881446838378906e+01
2.270293807983398438e+01
2.458671188354492188e+01
2.238596916198730469e+01
2.490709686279296875e+01
2.473374557495117188e+01
2.326837921142578125e+01
2.383044624328613281e+01
2.369203948974609375e+01
2.314536285400390625e+01
2.185054779052734375e+01
2.212454986572265625e+01
2.180643844604492188e+01
2.168762016296386719e+01
2.377223777770996094e+01
2.300320243835449219e+01
1.952764892578125000e+01
2.390870285034179688e+01
2.285482597351074219e+01
2.278084564208984375e+01
2.303450012207031250e+01
2.260908126831054688e+01
2.299958038330078125e+01
2.658110618591308594e+01
2.518755149841308594e+01
2.724412918090820312e+01
2.436708259582519531e+01
2.300966644287109375e+01
2.460569763183593750e+01
2.617331695556640625e+01
2.500250816345214844e+01
2.437483978271484375e+01
2.418640327453613281e+01
2.369323539733886719e+01
2.476122856140136719e+01
2.469724655151367188e+01
2.442584037780761719e+01
2.181680488586425781e+01
2.310601425170898438e+01
2.469802284240722656e+01
2.688517189025878906e+01
2.608741569519042969e+01
2.403941154479980469e+01
2.694461822509765625e+01
2.234857559204101562e+01
2.585525321960449219e+01
2.527242851257324219e+01
2.368385124206542969e+01
2.573970222473144531e+01
2.408626937866210938e+01
2.461897659301757812e+01
2.692734336853027344e+01
2.303968048095703125e+01
2.555906486511230469e+01
2.588950729370117188e+01
2.751449966430664062e+01
2.440608596801757812e+01
2.809575843811035156e+01
2.382186508178710938e+01
2.474282073974609375e+01
2.336728096008300781e+01
2.628072357177734375e+01
2.835376548767089844e+01
2.506802368164062500e+01
2.601591110229492188e+01
2.509369659423828125e+01
2.645638275146484375e+01
2.405248069763183594e+01
2.745467948913574219e+01
2.264722061157226562e+01
2.535671424865722656e+01
2.706002807617187500e+01
2.633169746398925781e+01
2.799501991271972656e+01
2.554123115539550781e+01
2.621985244750976562e+01
3.017155265808105469e+01
2.845796585083007812e+01
2.554953575134277344e+01
2.881947898864746094e+01
2.840579605102539062e+01
2.685544967651367188e+01
2.664276885986328125e+01
2.570793724060058594e+01
2.430672264099121094e+01
2.643021965026855469e+01
2.794195556640625000e+01
2.783647155761718750e+01
2.728537940979003906e+01
3.124390029907226562e+01
2.592041015625000000e+01
2.801280403137207031e+01
2.696533775329589844e+01
2.635458946228027344e+01
2.713311386108398438e+01
2.745561790466308594e+01
2.616933631896972656e+01
2.873278045654296875e+01
2.657114219665527344e+01
3.074329185485839844e+01
2.759214782714843750e+01
3.018084335327148438e+01
2.717609024047851562e+01
2.637082481384277344e+01
2.903395843505859375e+01
2.878014755249023438e+01
2.635713577270507812e+01
2.711426925659179688e+01
2.743172073364257812e+01
2.813185119628906250e+01
2.709716224670410156e+01
2.693716049194335938e+01
2.763229751586914062e+01
2.669208908081054688e+01
2.874531555175781250e+01
2.600982856750488281e+01
2.677288627624511719e+01
2.695660591125488281e+01
2.592685890197753906e+01
2.693101882934570312e+01
2.872479820251464844e+01
2.758078193664550781e+01
2.868552970886230469e+01
2.635923767089843750e+01
2.897279357910156250e+01
2.775227355957031250e+01
2.862847709655761719e+01
2.900893020629882812e+01
2.926198387145996094e+01
2.839284324645996094e+01
2.799523544311523438e+01
2.840707588195800781e+01
2.869473075866699219e+01
2.763405227661132812e+01
2.901714134216308594e+01
2.957195281982421875e+01
2.910912895202636719e+01
3.102914810180664062e+01
2.892815589904785156e+01
2.678527259826660156e+01
2.854342460632324219e+01
2.830361747741699219e+01
2.941950798034667969e+01
2.737009811401367188e+01
2.771040153503417969e+01
2.990042877197265625e+01
2.944449806213378906e+01
3.163624382019042969e+01
3.094852828979492188e+01
2.948904037475585938e+01
2.800402450561523438e+01
2.894619941711425781e+01
2.968827438354492188e+01
3.238210678100585938e+01
2.859495353698730469e+01
2.800432205200195312e+01
2.670358657836914062e+01
2.844186401367187500e+01
2.789687156677246094e+01
3.012961387634277344e+01
3.012364196777343750e+01
3.347235107421875000e+01
3.168807220458984375e+01
3.042983055114746094e+01
3.020526504516601562e+01
3.108228111267089844e+01
3.186972236633300781e+01
3.007880783081054688e+01
3.129750442504882812e+01
2.893435478210449219e+01
2.869141769409179688e+01
3.099538993835449219e+01
2.917587089538574219e+01
3.078035545349121094e+01
2.825551033020019531e+01
3.298151397705078125e+01
2.750447082519531250e+01
3.105930137634277344e+01
3.130798530578613281e+01
3.146017456054687500e+01
3.022009849548339844e+01
3.169296836853027344e+01
2.920073509216308594e+01
3.073559379577636719e+01
2.798061370849609375e+01
3.147223854064941406e+01
3.051004409790039062e+01
3.098425865173339844e+01
3.103413581848144531e+01
3.141575813293457031e+01
2.819563674926757812e+01
2.896132087707519531e+01
3.265201568603515625e+01
2.806937408447265625e+01
3.254757690429687500e+01
3.153180885314941406e+01
3.222342681884765625e+01
3.142512130737304688e+01
3.341743087768554688e+01
3.431464385986328125e+01
2.924544334411621094e+01
2.975314521789550781e+01
2.899185752868652344e+01
3.416025543212890625e+01
3.249093627929687500e+01
3.307775878906250000e+01
2.935716438293457031e+01
3.111286354064941406e+01
2.989762687683105469e+01
3.148166465759277344e+01
3.177916145324707031e+01
3.222159194946289062e+01
3.231850051879882812e+01
3.470257949829101562e+01
3.267552185058593750e+01
3.358397674560546875e+01
3.085502433776855469e+01
2.955915451049804688e+01
3.256111145019531250e+01
3.046265220642089844e+01
3.173449134826660156e+01
3.103849029541015625e+01
3.071731948852539062e+01
3.086969375610351562e+01
3.060414505004882812e+01
2.749316596984863281e+01
3.198024940490722656e+01
3.024460983276367188e+01
3.077286529541015625e+01
3.079733085632324219e+01
3.070299148559570312e+01
3.302771759033203125e+01
3.248640060424804688e+01
3.075906181335449219e+01
3.217857742309570312e+01
2.891073417663574219e+01
3.137472152709960938e+01
3.239779663085937500e+01
3.117053031921386719e+01
3.160654258728027344e+01
3.141837120056152344e+01
3.457758712768554688e+01
3.241503524780273438e+01
2.973001289367675781e+01
3.437599945068359375e+01
3.539490509033203125e+01
3.392874908447265625e+01
3.262446212768554688e+01
3.643846130371093750e+01
3.792785263061523438e+01
3.752950668334960938e+01
3.398516464233398438e+01
3.323270416259765625e+01
3.427767944335937500e+01
3.269017028808593750e+01
3.232370376586914062e+01
3.263277816772460938e+01
3.239690017700195312e+01
3.309926605224609375e+01
3.101773071289062500e+01
3.084362983703613281e+01
3.416877746582031250e+01
3.462095642089843750e+01
3.514427185058593750e+01
3.288596725463867188e+01
3.120576477050781250e+01
3.461483764648437500e+01
3.133236694335937500e+01
3.073593711853027344e+01
3.231557464599609375e+01
3.497541427612304688e+01
2.867000961303710938e+01
3.124807167053222656e+01
3.309511566162109375e+01
3.281663131713867188e+01
3.474447631835937500e+01
3.584018707275390625e+01
3.563767242431640625e+01
2.974080657958984375e+01
3.168341827392578125e+01
3.195882797241210938e+01
3.059740447998046875e+01
3.435956954956054688e+01
3.109596824645996094e+01
3.127256774902343750e+01
3.659849929809570312e+01
3.268032455444335938e+01
3.390217208862304688e+01
3.193421554565429688e+01
3.464205551147460938e+01
3.002688980102539062e+01
3.652458953857421875e+01
3.425769042968750000e+01
3.282765960693359375e+01
3.390044021606445312e+01
3.277188491821289062e+01
3.093607902526855469e+01
3.299695968627929688e+01
3.648749542236328125e+01
3.520722579956054688e+01
3.182516479492187500e+01
3.333741378784179688e+01
3.713194656372070312e+01
3.555603408813476562e+01
3.353026580810546875e+01
3.602166366577148438e+01
3.171187782287597656e+01
3.507249832153320312e+01
3.740264892578125000e+01
3.166958618164062500e+01
3.680840301513671875e+01
3.436402511596679688e+01
3.288936614990234375e+01
3.292823410034179688e+01
3.537710571289062500e+01
3.643375015258789062e+01
3.378619384765625000e+01
3.303538894653320312e+01
3.458645248413085938e+01
3.584097290039062500e+01
3.477305603027343750e+01
3.546157836914062500e+01
3.444388198852539062e+01
3.303764724731445312e+01
3.466717529296875000e+01
3.449347686767578125e+01
3.430433273315429688e+01
3.168314933776855469e+01
3.356665420532226562e+01
3.416786575317382812e+01
3.447178268432617188e+01
3.383980560302734375e+01
3.995178985595703125e+01
3.686142730712890625e+01
3.643149948120117188e+01
3.572007751464843750e+01
3.460509490966796875e+01
3.322844696044921875e+01
3.468420410156250000e+01
3.758293151855468750e+01
3.363137435913085938e+01
3.534704208374023438e+01
3.529448318481445312e+01
3.613727951049804688e+01
3.604421234130859375e+01
3.332452774047851562e+01
3.499219512939453125e+01
3.261120223999023438e+01
3.417163848876953125e+01
3.661793136596679688e+01
3.434004974365234375e+01
3.641230773925781250e+01
3.603626632690429688e+01
3.683697509765625000e+01
3.846172714233398438e+01
3.412725830078125000e+01
3.597314834594726562e+01
3.778931427001953125e+01
3.821193313598632812e+01
4.317625045776367188e+01
4.417214965820312500e+01
4.102218627929687500e+01
4.001839828491210938e+01
3.996910858154296875e+01
4.299212646484375000e+01
4.544994354248046875e+01
3.960564041137695312e+01
3.931138229370117188e+01
4.024225616455078125e+01
4.029595565795898438e+01
3.716363906860351562e+01
3.579825210571289062e+01
3.705690002441406250e+01
3.757227706909179688e+01
3.584410858154296875e+01
3.629901885986328125e+01
3.601874923706054688e+01
3.414643478393554688e+01
3.625193786621093750e+01
3.925828552246093750e+01
3.582166290283203125e+01
3.736073303222656250e+01
3.474968719482421875e+01
3.271321868896484375e+01
3.283140563964843750e+01
3.925191497802734375e+01
3.968861770629882812e+01
4.468825149536132812e+01
3.432568740844726562e+01
3.402855300903320312e+01
4.149010467529296875e+01
4.216612625122070312e+01
3.657707595825195312e+01
3.910353851318359375e+01
3.755918884277343750e+01
3.589704132080078125e+01
3.932963943481445312e+01
3.376920318603515625e+01
3.802085113525390625e+01
3.828931427001953125e+01
3.671473312377929688e+01
3.931321334838867188e+01
3.826084518432617188e+01
3.378824615478515625e+01
3.855998611450195312e+01
3.496838378906250000e+01
3.563817214965820312e+01
3.379206085205078125e+01
3.843119812011718750e+01
3.787581253051757812e+01
3.787567138671875000e+01
3.742075347900390625e+01
3.844157791137695312e+01
3.549045562744140625e+01
3.920592498779296875e+01
3.555702209472656250e+01
3.653789520263671875e+01
3.534519577026367188e+01
3.882957077026367188e+01
4.017999267578125000e+01
3.693968200683593750e+01
3.609017944335937500e+01
3.776071166992187500e+01
3.449010086059570312e+01
3.974868774414062500e+01
3.500021743774414062e+01
3.503799819946289062e+01
3.870650863647460938e+01
3.740283966064453125e+01
3.373588180541992188e+01
3.707706451416015625e+01
3.739128112792968750e+01
3.764501571655273438e+01
3.630671310424804688e+01
3.748022842407226562e+01
3.673790740966796875e+01
4.188003921508789062e+01
3.809677124023437500e+01
3.818285751342773438e+01
3.994058227539062500e+01
3.702423095703125000e+01
3.840007019042968750e+01
3.729574203491210938e+01
3.514614105224609375e+01
3.684196472167968750e+01
3.579420471191406250e+01
3.627146148681640625e+01
3.627000045776367188e+01
3.642453002929687500e+01
3.583241653442382812e+01
3.919839096069335938e+01
3.508099365234375000e+01
3.542192840576171875e+01
3.797381210327148438e+01
4.236793899536132812e+01
3.605710983276367188e+01
3.842955398559570312e+01
3.626957702636718750e+01
3.581745147705078125e+01
3.844798278808593750e+01
3.617886734008789062e+01
3.695263290405273438e+01
3.387943267822265625e+01
3.367507553100585938e+01
3.450656890869140625e+01
3.816595840454101562e+01
3.735974121093750000e+01
3.636461257934570312e+01
3.406760787963867188e+01
3.770585250854492188e+01
3.828245544433593750e+01
3.702479934692382812e+01
3.808052444458007812e+01
3.485923385620117188e+01
4.028297805786132812e+01
3.942311859130859375e+01
4.006492233276367188e+01
3.982069396972656250e+01
3.860227584838867188e+01
3.487764739990234375e+01
3.589687347412109375e+01
3.865823364257812500e+01
3.875801467895507812e+01
3.760275650024414062e+01
3.644381713867187500e+01
3.797375869750976562e+01
3.724006652832031250e+01
3.780163574218750000e+01
3.677381896972656250e+01
3.636377716064453125e+01
3.531439971923828125e+01
3.528131484985351562e+01
4.066514587402343750e+01
3.312361907958984375e+01
3.691952133178710938e+01
3.723797607421875000e+01
3.892705535888671875e+01
3.731050491333007812e+01
3.878280639648437500e+01
3.720326995849609375e+01
3.504111862182617188e+01
3.514405822753906250e+01
3.444292068481445312e+01
3.877838134765625000e+01
3.444430541992187500e+01
3.695399093627929688e+01
3.626471710205078125e+01
3.686949157714843750e+01
3.417737197875976562e+01
3.816284561157226562e+01
3.836926269531250000e+01
3.789750289916992188e+01
4.088264083862304688e+01
3.587019348144531250e+01
3.802938842773437500e+01
4.147696685791015625e+01
3.979916381835937500e+01
3.665697479248046875e+01
4.171452331542968750e+01
3.881942367553710938e+01
4.210554122924804688e+01
3.483693695068359375e+01
4.143034362792968750e+01
3.821263504028320312e+01
3.706132507324218750e+01
3.898688507080078125e+01
3.409093475341796875e+01
3.739287948608398438e+01
3.511604690551757812e+01
3.554999923706054688e+01
3.411519622802734375e+01
3.866545486450195312e+01
3.663843536376953125e+01
3.709272003173828125e+01
3.914589309692382812e+01
4.007805633544921875e+01
3.582346725463867188e+01
4.305204391479492188e+01
3.452856063842773438e+01
3.376549530029296875e+01
3.479165649414062500e+01
3.611447525024414062e+01
3.686819839477539062e+01
3.606771850585937500e+01
3.967142486572265625e+01
3.705321121215820312e+01
3.642688369750976562e+01
3.965916442871093750e+01
3.808114242553710938e+01
3.715594863891601562e+01
3.735874176025390625e+01
3.831876373291015625e+01
3.402810287475585938e+01
3.624305343627929688e+01
3.754013442993164062e+01
3.452488708496093750e+01
3.788560867309570312e+01
3.346196746826171875e+01
3.734479904174804688e+01
3.824345016479492188e+01
4.156287002563476562e+01
4.145279693603515625e+01
3.842364120483398438e+01
3.577059555053710938e+01
4.129738998413085938e+01
3.931699752807617188e+01
4.100048828125000000e+01
3.784651565551757812e+01
4.073939895629882812e+01
3.813265991210937500e+01
4.063848114013671875e+01
3.941661834716796875e+01
4.136018371582031250e+01
3.970969390869140625e+01
4.490071868896484375e+01
4.428730010986328125e+01
3.755652618408203125e+01
3.962582778930664062e+01
3.896492004394531250e+01
4.224059295654296875e+01
3.694766235351562500e+01
3.750741958618164062e+01
3.765984344482421875e+01
4.420992660522460938e+01
4.112056732177734375e+01
3.933414459228515625e+01
4.169671249389648438e+01
4.109105300903320312e+01
4.329567337036132812e+01
4.112855529785156250e+01
4.416227722167968750e+01
4.342206954956054688e+01
4.225591278076171875e+01
4.343658447265625000e+01
3.956588745117187500e+01
4.449898910522460938e+01
4.348441314697265625e+01
4.411597061157226562e+01
4.173082733154296875e+01
4.147449874877929688e+01
4.337182998657226562e+01
4.407645034790039062e+01
4.438355636596679688e+01
4.424629592895507812e+01
4.111394119262695312e+01
4.286654663085937500e+01
3.896257019042968750e+01
3.715616226196289062e+01
4.103117370605468750e+01
4.374135208129882812e+01
3.698334503173828125e+01
4.335308837890625000e+01
4.363845443725585938e+01
4.250814056396484375e+01
4.594684982299804688e+01
4.818058776855468750e+01
4.452941513061523438e+01
4.222871780395507812e+01
4.540330505371093750e+01
4.226913452148437500e+01
4.514658737182617188e+01
4.456998825073242188e+01
4.434528732299804688e+01
4.229108428955078125e+01
4.727418136596679688e+01
4.535400390625000000e+01
4.343877410888671875e+01
4.559101867675781250e+01
4.217966461181640625e+01
4.596512603759765625e+01
4.296946716308593750e+01
4.126294708251953125e+01
4.199074172973632812e+01
4.456505203247070312e+01
4.624204635620117188e+01
4.079640960693359375e+01
4.244570159912109375e+01
4.120621109008789062e+01
4.731349182128906250e+01
4.552443313598632812e+01
3.937689208984375000e+01
4.195186614990234375e+01
3.981443405151367188e+01
4.346470260620117188e+01
4.046693420410156250e+01
4.217251586914062500e+01
4.474368667602539062e+01
4.179613876342773438e+01
3.982448959350585938e+01
4.067739105224609375e+01
4.446680068969726562e+01
4.139450073242187500e+01
4.038693618774414062e+01
4.275457382202148438e+01
4.627063751220703125e+01
3.922484970092773438e+01
4.235514831542968750e+01
4.634199523925781250e+01
3.841457366943359375e+01
4.233425903320312500e+01
4.542312240600585938e+01
4.394176864624023438e+01
3.942754745483398438e+01
3.839856338500976562e+01
4.236397171020507812e+01
3.919850158691406250e+01
4.273457717895507812e+01
4.000216293334960938e+01
4.256886672973632812e+01
4.095545578002929688e+01
3.899882888793945312e+01
4.145493316650390625e+01
4.301720428466796875e+01
4.263268661499023438e+01
4.207947540283203125e+01
4.743143081665039062e+01
4.345244979858398438e+01
4.752502059936523438e+01
4.544996261596679688e+01
4.702429962158203125e+01
4.161100006103515625e+01
4.050514221191406250e+01
4.270757675170898438e+01
4.884529876708984375e+01
4.340140914916992188e+01
4.475510025024414062e+01
4.364836883544921875e+01
4.296208572387695312e+01
4.464325714111328125e+01
4.573339080810546875e+01
4.641744613647460938e+01
4.782439422607421875e+01
5.260659408569335938e+01
4.290520477294921875e+01
4.097414779663085938e+01
4.125749206542968750e+01
4.008001708984375000e+01
4.321751785278320312e+01
4.702433013916015625e+01
4.580781555175781250e+01
4.682043075561523438e+01
4.079895782470703125e+01
4.600391769409179688e+01
4.041343307495117188e+01
3.905992889404296875e+01
4.555766296386718750e+01
4.341680526733398438e+01
4.602523040771484375e+01
4.859468078613281250e+01
4.386735534667968750e+01
4.298834609985351562e+01
4.490092849731445312e+01
4.788504028320312500e+01
4.564800262451171875e+01
4.675793075561523438e+01
4.186294555664062500e+01
4.465071487426757812e+01
4.842699050903320312e+01
4.020389938354492188e+01
4.617615890502929688e+01
4.643875503540039062e+01
4.321766662597656250e+01
4.360433197021484375e+01
4.339267730712890625e+01
4.511870956420898438e+01
4.437760925292968750e+01
4.485619735717773438e+01
4.676927947998046875e+01
4.447875213623046875e+01
4.760162734985351562e+01
5.090260314941406250e+01
4.405102157592773438e+01
4.641014099121093750e+01
4.545942306518554688e+01
4.667518615722656250e+01
4.429661178588867188e+01
4.650420761108398438e+01
4.304512786865234375e+01
4.225038528442382812e+01
4.690940475463867188e+01
4.303077316284179688e+01
4.487244415283203125e+01
4.064615631103515625e+01
3.884003829956054688e+01
4.225288391113281250e+01
4.698868560791015625e+01
4.282250595092773438e+01
4.604536437988281250e+01
4.814797973632812500e+01
4.071371841430664062e+01
3.913721847534179688e+01
4.195580291748046875e+01
3.571457290649414062e+01
4.301783752441406250e+01
4.604235076904296875e+01
4.501594543457031250e+01
4.950348281860351562e+01
4.981023025512695312e+01
4.536011886596679688e+01
4.400205612182617188e+01
4.457555389404296875e+01
4.142867279052734375e+01
4.227489471435546875e+01
4.308974838256835938e+01
4.358336639404296875e+01
4.166616439819335938e+01
4.673021697998046875e+01
4.345916366577148438e+01
4.238738250732421875e+01
4.354097747802734375e+01
4.247752380371093750e+01
4.545322799682617188e+01
4.392282104492187500e+01
4.306695938110351562e+01
4.414041519165039062e+01
4.440845489501953125e+01
4.517953491210937500e+01
4.524626159667968750e+01
4.898321151733398438e+01
4.210725784301757812e+01
4.417587661743164062e+01
4.364175796508789062e+01
4.530882644653320312e+01
4.774493789672851562e+01
4.755497741699218750e+01
5.149327850341796875e+01
4.688817214965820312e+01
4.463903808593750000e+01
4.736178588867187500e+01
4.643689727783203125e+01
4.233681488037109375e+01
4.782688140869140625e+01
4.638080596923828125e+01
4.608927154541015625e+01
4.846950912475585938e+01
4.485036087036132812e+01
5.024328613281250000e+01
4.960871124267578125e+01
4.753747177124023438e+01
4.555151748657226562e+01
4.766948318481445312e+01
4.954528045654296875e+01
4.407867050170898438e+01
4.639345550537109375e+01
4.459483718872070312e+01
4.285230255126953125e+01
4.567593002319335938e+01
4.321520233154296875e+01
4.322977447509765625e+01
4.732886123657226562e+01
4.424374389648437500e+01
4.684195327758789062e+01
4.718302917480468750e+01
4.383358001708984375e+01
4.598614120483398438e+01
4.133403015136718750e+01
4.625862503051757812e+01
5.024859237670898438e+01
4.934020614624023438e+01
4.488235855102539062e+01
4.545675659179687500e+01
4.647205352783203125e+01
4.698882675170898438e+01
4.999322128295898438e+01
5.396476745605468750e+01
5.155652236938476562e+01
4.799791717529296875e+01
5.022569656372070312e+01
4.703602981567382812e+01
4.434114456176757812e+01
4.846153259277343750e+01
4.610293197631835938e+01
4.082899856567382812e+01
4.195270538330078125e+01
4.612556457519531250e+01
4.764993667602539062e+01
4.966233444213867188e+01
4.354822158813476562e+01
4.873199462890625000e+01
4.390285110473632812e+01
4.920939636230468750e+01
4.645045852661132812e+01
4.906718826293945312e+01
4.891172409057617188e+01
4.930044555664062500e+01
4.852157211303710938e+01
4.766541290283203125e+01
4.456179809570312500e+01
4.400641250610351562e+01
4.705349349975585938e+01
4.522346115112304688e+01
4.451863098144531250e+01
5.109345626831054688e+01
4.721316909790039062e+01
5.131409454345703125e+01
4.760654449462890625e+01
4.955600738525390625e+01
5.481462097167968750e+01
5.229555892944335938e+01
4.656805419921875000e+01
5.123895263671875000e+01
4.759343338012695312e+01
4.895272064208984375e+01
4.962286758422851562e+01
5.140123367309570312e+01
4.872071838378906250e+01
4.763830184936523438e+01
5.118228912353515625e+01
5.131252288818359375e+01
4.845606613159179688e+01
4.860912704467773438e+01
5.106601715087890625e+01
4.809913253784179688e+01
4.946534729003906250e+01
5.383028793334960938e+01
5.104186630249023438e+01
4.738843536376953125e+01
5.064673614501953125e+01
4.949429702758789062e+01
5.373631668090820312e+01
4.840625000000000000e+01
5.003683471679687500e+01
5.272315597534179688e+01
5.148196411132812500e+01
4.647389221191406250e+01
4.882698822021484375e+01
4.732848358154296875e+01
5.097878265380859375e+01
5.532368850708007812e+01
5.052845382690429688e+01
5.061130905151367188e+01
5.099158477783203125e+01
5.236459350585937500e+01
4.861423492431640625e+01
5.393353652954101562e+01
5.580860137939453125e+01
4.944990921020507812e+01
5.101649093627929688e+01
4.631086349487304688e+01
4.711388397216796875e+01
4.816744613647460938e+01
5.754589080810546875e+01
5.556305313110351562e+01
5.218559265136718750e+01
5.343373489379882812e+01
5.497625732421875000e+01
5.112681961059570312e+01
4.809901046752929688e+01
5.112277221679687500e+01
5.845761108398437500e+01
5.002087783813476562e+01
5.166860961914062500e+01
4.741097259521484375e+01
5.295266723632812500e+01
5.051136016845703125e+01
5.669258499145507812e+01
5.575518798828125000e+01
5.406056594848632812e+01
5.214161682128906250e+01
6.209154129028320312e+01
5.309107589721679688e+01
4.989776992797851562e+01
5.804403305053710938e+01
5.373014450073242188e+01
5.415141296386718750e+01
5.727648162841796875e+01
5.593933868408203125e+01
5.703983688354492188e+01
5.570760726928710938e+01
5.548021316528320312e+01
5.452744674682617188e+01
5.689604949951171875e+01
6.188417053222656250e+01
5.973973464965820312e+01
5.557417297363281250e+01
5.320565795898437500e+01
6.023088836669921875e+01
5.590823745727539062e+01
5.490759658813476562e+01
5.430471801757812500e+01
5.549247360229492188e+01
6.273302841186523438e+01
5.900011062622070312e+01
5.855108642578125000e+01
6.305000305175781250e+01
5.581472015380859375e+01
6.287138748168945312e+01
5.673318481445312500e+01
5.367370986938476562e+01
5.654238510131835938e+01
6.028564834594726562e+01
6.169204711914062500e+01
5.999330520629882812e+01
5.907638931274414062e+01
5.813681411743164062e+01
5.976019668579101562e+01
6.178177261352539062e+01
6.517974090576171875e+01
6.503388977050781250e+01
5.111978149414062500e+01
6.251824188232421875e+01
5.790667343139648438e+01
6.259474945068359375e+01
6.022758102416992188e+01
6.405094909667968750e+01
6.080863952636718750e+01
6.217401885986328125e+01
6.229439926147460938e+01
5.525588989257812500e+01
5.680642700195312500e+01
6.145527267456054688e+01
6.311153411865234375e+01
5.982448959350585938e+01
5.956787109375000000e+01
6.006471252441406250e+01
5.931701660156250000e+01
6.763397216796875000e+01
5.499161529541015625e+01
5.935492324829101562e+01
5.672671127319335938e+01
6.552276611328125000e+01
5.815503311157226562e+01
5.990632629394531250e+01
5.831896972656250000e+01
5.787667846679687500e+01
5.973093414306640625e+01
5.845175170898437500e+01
6.543800354003906250e+01
5.987982940673828125e+01
5.813871383666992188e+01
5.541589355468750000e+01
5.645921707153320312e+01
5.647657775878906250e+01
6.549631500244140625e+01
6.591876983642578125e+01
6.525796508789062500e+01
5.550541305541992188e+01
5.381549835205078125e+01
5.734688949584960938e+01
5.706289672851562500e+01
6.229505920410156250e+01
6.082797622680664062e+01
5.925070953369140625e+01
5.751721954345703125e+01
5.792911148071289062e+01
5.650108337402343750e+01
6.211654663085937500e+01
5.661856079101562500e+01
5.926582717895507812e+01
6.313843154907226562e+01
6.068764495849609375e+01
5.766271209716796875e+01
5.969938278198242188e+01
6.037170410156250000e+01
6.110405731201171875e+01
