-1.549735909409419492e+03
-2.992963812996530351e+02
-1.338333401117725145e+02
-1.562645902443317141e+02
-1.855558941578841257e+02
-2.622693126949287716e+02
-1.928494669762855551e+02
-2.445645791353630614e+02
-2.204743668652847077e+02
-1.651291889726828117e+02
-1.102344562133734769e+02
-2.491923247375894448e+02
-2.425357326473187527e+02
-1.703715531009433448e+02
-2.021075840250458953e+02
-1.590680947176584255e+02
-1.561365765078309380e+02
-2.181943586257151253e+02
-1.685547347564302072e+02
-2.060186830848752777e+02
-1.571513065509948888e+02
