-1.528316926124141901e+03
-1.192205916894015871e+02
-1.266929122994646804e+02
-2.054491470461932181e+02
-1.691395270548587746e+02
-1.148412958506249879e+02
-1.132022754065946231e+02
-1.909220436182172023e+02
-1.504167281593632310e+02
-1.759937197248942482e+02
-1.181505398153106796e+02
-1.035503932703030898e+02
-1.183959454585965858e+02
-1.498979551677605286e+02
-1.576348596119132139e+02
-1.770758329652699672e+02
-1.300220759082902475e+02
-1.532546972732201596e+02
-1.298572380744663235e+02
-1.714048615258559494e+02
-1.642610694924512131e+02
