-1.312830828968776359e+03
-1.761276432248476453e+02
-1.702117768697864619e+02
-1.116631952983354239e+02
-1.350422396041194588e+02
-2.151761559563693424e+02
-1.328151684202269109e+02
-1.358872751485887989e+02
-1.551201086077381888e+02
-1.282005085826995980e+02
-2.204260183319022417e+02
-1.903447473643002468e+02
-1.616291359802382317e+02
-1.578386565174086513e+02
-1.384682110190928199e+02
-2.041102342856464134e+02
-1.859633116816472693e+02
-2.062370843600752721e+02
-1.787346785204364608e+02
-1.493056718283905298e+02
-1.769968246235974618e+02
