-1.402033858222903291e+03
-1.588460315325333738e+02
-1.467693574850365792e+02
-1.336759695586681005e+02
-2.035808856695527709e+02
-1.311452657995163804e+02
-1.413912034564059752e+02
-1.524082828030423116e+02
-1.751890693216272439e+02
-1.737586875437533251e+02
-1.488231444361114484e+02
-1.891353777135998087e+02
-1.348232991631820710e+02
-1.520936490495943758e+02
-1.769614993624203692e+02
-1.175257914550821852e+02
-1.369522528389584011e+02
-2.124152996019890907e+02
-1.007372832145733952e+02
-1.554407764075937735e+02
-1.621545723546141176e+02
