-1.559362690465954074e+03
-1.564786180662325421e+02
-1.976218818384932376e+02
-1.776589201001249592e+02
-1.378273065316864177e+02
-1.760995615145139936e+02
-1.643653024161466760e+02
-1.861570529638697167e+02
-1.832418384981605755e+02
-1.265019548948300070e+02
-1.727115862524323120e+02
-1.382586485746850826e+02
-1.903586222752585968e+02
-1.830113075223672752e+02
-1.478372730979646690e+02
-2.271487564100098950e+02
-1.612535918962105086e+02
-1.698767038048452775e+02
-1.591175464948471188e+02
-1.963177793974788869e+02
-1.713586670269407932e+02
