-1.427380570510957568e+03
-1.339527709761122765e+02
-1.947395975516309647e+02
-1.300572428543050876e+02
-1.470096532302607670e+02
-1.511256084489969567e+02
-1.608346113988138200e+02
-1.994516149227260939e+02
-1.591216366600656045e+02
-1.966649477207805603e+02
-1.811547205725125878e+02
-1.582706518159336326e+02
-1.301654475523256167e+02
-1.396843219092867798e+02
-1.517279639300247140e+02
-1.867933012506530304e+02
-1.997251530844426952e+02
-1.414399393043715065e+02
-1.293472128594430899e+02
-9.914830937152186152e+01
-1.621346710957422488e+02
