0.000000000000000000e+00
2.110147237777709961e+00
4.552640318870544434e-01
4.618474245071411133e-01
8.672212958335876465e-01
2.300759077072143555e+00
5.436578273773193359e+00
7.317687511444091797e+00
8.110727310180664062e+00
9.373894691467285156e+00
9.251262664794921875e+00
1.054815864562988281e+01
1.093132019042968750e+01
1.518988132476806641e+01
1.582130336761474609e+01
1.828233146667480469e+01
2.246547317504882812e+01
2.743860435485839844e+01
2.086599349975585938e+01
1.810094070434570312e+01
2.256176948547363281e+01
2.900076103210449219e+01
3.536013412475585938e+01
4.459357070922851562e+01
4.745682144165039062e+01
4.321637725830078125e+01
4.454334259033203125e+01
4.198210144042968750e+01
3.752149963378906250e+01
3.314645004272460938e+01
2.875751686096191406e+01
2.404737663269042969e+01
3.165343093872070312e+01
3.135520553588867188e+01
3.524382781982421875e+01
3.285969543457031250e+01
3.140264892578125000e+01
3.430380630493164062e+01
3.534754562377929688e+01
3.290186691284179688e+01
3.112664031982421875e+01
2.958735847473144531e+01
2.743689727783203125e+01
3.133800506591796875e+01
2.973777580261230469e+01
3.055239105224609375e+01
2.771793174743652344e+01
2.818690299987792969e+01
2.560236358642578125e+01
2.606495475769042969e+01
2.243213081359863281e+01
2.180243873596191406e+01
2.154864692687988281e+01
2.206993293762207031e+01
2.152384567260742188e+01
2.084054374694824219e+01
2.265063095092773438e+01
2.038260078430175781e+01
2.016743278503417969e+01
2.089342689514160156e+01
2.442936515808105469e+01
2.446330451965332031e+01
2.711126708984375000e+01
2.542860984802246094e+01
2.488202285766601562e+01
2.407555007934570312e+01
2.479085922241210938e+01
2.395660209655761719e+01
2.369167900085449219e+01
2.426096153259277344e+01
2.503713989257812500e+01
2.496882057189941406e+01
2.907226943969726562e+01
2.758931159973144531e+01
2.746034049987792969e+01
2.914444160461425781e+01
3.032732772827148438e+01
2.925728988647460938e+01
2.771582031250000000e+01
2.897448921203613281e+01
2.854132461547851562e+01
2.827086257934570312e+01
2.579707717895507812e+01
2.525457000732421875e+01
2.557718467712402344e+01
2.592585945129394531e+01
2.465163040161132812e+01
2.535720252990722656e+01
2.405047607421875000e+01
2.383979606628417969e+01
2.647056770324707031e+01
2.860442352294921875e+01
2.693853759765625000e+01
2.755191040039062500e+01
2.687730407714843750e+01
2.865521812438964844e+01
3.417717361450195312e+01
3.391228103637695312e+01
3.541695404052734375e+01
3.570638275146484375e+01
3.461788940429687500e+01
3.292229080200195312e+01
3.373795318603515625e+01
3.430952835083007812e+01
3.528303146362304688e+01
3.685549163818359375e+01
3.819107818603515625e+01
3.861816406250000000e+01
3.883827590942382812e+01
3.718992233276367188e+01
3.721067810058593750e+01
3.793852996826171875e+01
3.799924850463867188e+01
3.815562438964843750e+01
3.613822555541992188e+01
3.573430633544921875e+01
3.455455780029296875e+01
3.330876541137695312e+01
3.366866302490234375e+01
3.434675598144531250e+01
3.453503036499023438e+01
3.392429733276367188e+01
3.230655670166015625e+01
3.625585937500000000e+01
3.559932327270507812e+01
3.652226638793945312e+01
3.736500549316406250e+01
3.776781082153320312e+01
3.995385360717773438e+01
4.166395950317382812e+01
4.299571228027343750e+01
4.277364349365234375e+01
4.588906860351562500e+01
4.737104034423828125e+01
4.573778915405273438e+01
4.380265808105468750e+01
4.386350631713867188e+01
4.347218322753906250e+01
4.130460357666015625e+01
4.204433822631835938e+01
4.210009384155273438e+01
4.064611816406250000e+01
3.973748397827148438e+01
3.851966857910156250e+01
3.701989746093750000e+01
3.881697082519531250e+01
3.866535186767578125e+01
3.679907989501953125e+01
3.755966949462890625e+01
3.683733367919921875e+01
3.634840393066406250e+01
3.635670852661132812e+01
3.667107009887695312e+01
3.481081390380859375e+01
3.449525833129882812e+01
3.505086898803710938e+01
3.404083633422851562e+01
3.358958053588867188e+01
3.262507247924804688e+01
3.334328842163085938e+01
3.248662567138671875e+01
3.185693931579589844e+01
3.224752426147460938e+01
2.933494949340820312e+01
2.746246528625488281e+01
2.689709663391113281e+01
2.512661361694335938e+01
2.457571792602539062e+01
2.458913230895996094e+01
2.399575996398925781e+01
2.386865425109863281e+01
2.390683937072753906e+01
2.478764533996582031e+01
2.426469421386718750e+01
2.423342132568359375e+01
2.402431678771972656e+01
2.473496437072753906e+01
2.417282104492187500e+01
2.356871986389160156e+01
2.346660804748535156e+01
2.380102348327636719e+01
2.385187911987304688e+01
2.401526641845703125e+01
2.461736869812011719e+01
2.589997482299804688e+01
2.581936454772949219e+01
2.468791770935058594e+01
2.407146453857421875e+01
2.360597229003906250e+01
2.333391380310058594e+01
2.180531311035156250e+01
2.091617965698242188e+01
1.974378967285156250e+01
2.144696426391601562e+01
2.050306320190429688e+01
2.194900512695312500e+01
2.106259727478027344e+01
1.997258567810058594e+01
1.998402023315429688e+01
2.055046272277832031e+01
