0.000000000000000000e+00
4.992237091064453125e+00
4.945408344268798828e+00
4.895143508911132812e+00
4.842546939849853516e+00
4.783676147460937500e+00
4.718186378479003906e+00
4.643688678741455078e+00
4.546267032623291016e+00
4.427988052368164062e+00
4.306465148925781250e+00
4.156215667724609375e+00
3.998778820037841797e+00
3.844667196273803711e+00
3.700481414794921875e+00
3.572185039520263672e+00
3.443521976470947266e+00
3.320968151092529297e+00
3.210512161254882812e+00
3.122136831283569336e+00
3.046245098114013672e+00
2.972390651702880859e+00
2.906728744506835938e+00
2.847714900970458984e+00
2.778048992156982422e+00
2.718767166137695312e+00
2.644354581832885742e+00
2.580364704132080078e+00
2.519648790359497070e+00
2.452629327774047852e+00
2.408989667892456055e+00
2.369680166244506836e+00
2.328006267547607422e+00
2.281218290328979492e+00
2.244012117385864258e+00
2.208553791046142578e+00
2.177441358566284180e+00
2.144074201583862305e+00
2.101060867309570312e+00
2.067117691040039062e+00
2.030797004699707031e+00
