0.000000000000000000e+00
2.277378320693969727e+00
3.356289565563201904e-01
6.265771985054016113e-01
1.591483831405639648e+00
1.994339823722839355e+00
2.650926113128662109e+00
4.109275341033935547e+00
7.270495891571044922e+00
9.092898368835449219e+00
1.196562671661376953e+01
1.549459457397460938e+01
2.912753295898437500e+01
4.130334091186523438e+01
4.063579559326171875e+01
4.259889602661132812e+01
3.694840621948242188e+01
3.116979789733886719e+01
2.481311988830566406e+01
2.984547233581542969e+01
2.696582794189453125e+01
2.563455390930175781e+01
3.143159675598144531e+01
4.081613159179687500e+01
5.695503234863281250e+01
6.113124465942382812e+01
7.065234375000000000e+01
7.637295532226562500e+01
8.245446777343750000e+01
7.476615905761718750e+01
7.855044555664062500e+01
7.545838165283203125e+01
7.490356445312500000e+01
7.673312377929687500e+01
8.053735351562500000e+01
7.698865509033203125e+01
8.664068603515625000e+01
8.365256500244140625e+01
7.576058959960937500e+01
6.419996643066406250e+01
5.751995086669921875e+01
4.811516571044921875e+01
4.304201889038085938e+01
4.287949371337890625e+01
4.246782684326171875e+01
4.411044692993164062e+01
4.631426620483398438e+01
4.759360122680664062e+01
4.698661422729492188e+01
4.706843566894531250e+01
4.676014709472656250e+01
4.533565902709960938e+01
4.873617935180664062e+01
4.941986846923828125e+01
4.737902450561523438e+01
4.787677383422851562e+01
4.704796600341796875e+01
4.793745422363281250e+01
4.722982406616210938e+01
4.932769012451171875e+01
4.593861389160156250e+01
4.396915435791015625e+01
4.663971710205078125e+01
4.519844436645507812e+01
4.702653884887695312e+01
4.525987625122070312e+01
4.641434860229492188e+01
4.903485870361328125e+01
4.994916534423828125e+01
5.222978973388671875e+01
4.671393585205078125e+01
4.317972564697265625e+01
4.134514999389648438e+01
4.042835998535156250e+01
3.924037551879882812e+01
3.970327758789062500e+01
3.938600921630859375e+01
3.981346893310546875e+01
3.815155410766601562e+01
3.661592864990234375e+01
3.487760543823242188e+01
3.288253021240234375e+01
3.061551094055175781e+01
2.851641082763671875e+01
2.878230285644531250e+01
2.697291755676269531e+01
2.769100379943847656e+01
2.947370338439941406e+01
3.216046905517578125e+01
3.303600311279296875e+01
3.559067916870117188e+01
3.473977279663085938e+01
3.359917831420898438e+01
3.586067199707031250e+01
3.644678115844726562e+01
3.688895416259765625e+01
3.588264083862304688e+01
3.782484436035156250e+01
3.659978866577148438e+01
3.874458694458007812e+01
3.831840515136718750e+01
3.887733459472656250e+01
3.831531906127929688e+01
3.786639785766601562e+01
3.935241317749023438e+01
3.917368316650390625e+01
4.009038162231445312e+01
3.874785995483398438e+01
3.807769393920898438e+01
3.649062728881835938e+01
3.787998199462890625e+01
3.941278839111328125e+01
3.885013198852539062e+01
4.112712478637695312e+01
4.112585067749023438e+01
4.249393081665039062e+01
4.288316726684570312e+01
4.221390151977539062e+01
4.272428894042968750e+01
4.372829055786132812e+01
4.396389770507812500e+01
4.569694519042968750e+01
4.641331863403320312e+01
4.530101013183593750e+01
4.509901428222656250e+01
4.312181854248046875e+01
4.229870223999023438e+01
4.071833419799804688e+01
3.872760391235351562e+01
3.619858932495117188e+01
3.448194503784179688e+01
3.408772277832031250e+01
3.226285171508789062e+01
2.937130546569824219e+01
2.784348678588867188e+01
2.901194190979003906e+01
2.916233062744140625e+01
2.671830940246582031e+01
2.710726356506347656e+01
2.791358757019042969e+01
2.889893913269042969e+01
2.820653915405273438e+01
2.766538047790527344e+01
2.942480850219726562e+01
2.841355514526367188e+01
2.806389427185058594e+01
2.698118591308593750e+01
2.610375785827636719e+01
2.740894508361816406e+01
2.768645095825195312e+01
2.903176689147949219e+01
2.970595359802246094e+01
2.980900001525878906e+01
2.868377685546875000e+01
2.984475708007812500e+01
3.164604949951171875e+01
3.219027328491210938e+01
3.065093612670898438e+01
2.970971488952636719e+01
3.012451362609863281e+01
2.986251831054687500e+01
3.114568710327148438e+01
2.868800544738769531e+01
2.910530471801757812e+01
2.855964279174804688e+01
2.922939491271972656e+01
2.713880920410156250e+01
2.648684310913085938e+01
2.726970481872558594e+01
2.694482040405273438e+01
2.734082412719726562e+01
2.756855010986328125e+01
2.691446495056152344e+01
2.663500976562500000e+01
2.619110107421875000e+01
2.569306373596191406e+01
2.558097648620605469e+01
2.605298995971679688e+01
2.550538444519042969e+01
2.585316085815429688e+01
2.663036155700683594e+01
2.587996101379394531e+01
2.543157768249511719e+01
2.644811630249023438e+01
2.396514320373535156e+01
2.301566314697265625e+01
2.384137535095214844e+01
2.377199935913085938e+01
2.352514076232910156e+01
2.321079254150390625e+01
2.295272827148437500e+01
2.385784721374511719e+01
2.399230766296386719e+01
2.323993682861328125e+01
2.286316108703613281e+01
2.347294235229492188e+01
2.366283607482910156e+01
2.266263198852539062e+01
2.218398857116699219e+01
2.213948440551757812e+01
