0.000000000000000000e+00
1.025991559028625488e+00
9.131728857755661011e-02
1.423398405313491821e-01
3.608694076538085938e-01
7.559899687767028809e-01
1.611459970474243164e+00
4.368337631225585938e+00
8.800632476806640625e+00
1.195259189605712891e+01
1.313279438018798828e+01
1.319411945343017578e+01
1.353221225738525391e+01
1.266190338134765625e+01
9.906597137451171875e+00
9.352371215820312500e+00
8.823586463928222656e+00
1.025302505493164062e+01
1.150968551635742188e+01
1.270409393310546875e+01
1.661647415161132812e+01
2.107803153991699219e+01
2.573079299926757812e+01
2.737670707702636719e+01
3.060972595214843750e+01
3.555178833007812500e+01
3.996322631835937500e+01
3.973698806762695312e+01
3.989208602905273438e+01
3.688491058349609375e+01
3.492331314086914062e+01
3.459225845336914062e+01
3.246393203735351562e+01
3.175476264953613281e+01
3.101865386962890625e+01
3.112343406677246094e+01
3.385992813110351562e+01
3.574551391601562500e+01
3.656603240966796875e+01
3.733737564086914062e+01
3.732740402221679688e+01
3.784725189208984375e+01
3.672104644775390625e+01
3.648153305053710938e+01
3.605242156982421875e+01
3.673114776611328125e+01
3.395588684082031250e+01
3.061124610900878906e+01
3.125422096252441406e+01
2.962933921813964844e+01
2.732108116149902344e+01
2.636001396179199219e+01
2.619943428039550781e+01
2.447661781311035156e+01
2.296990585327148438e+01
2.420859718322753906e+01
2.223824691772460938e+01
2.180314445495605469e+01
2.510956954956054688e+01
2.709806060791015625e+01
2.575989151000976562e+01
2.435169601440429688e+01
2.050501632690429688e+01
1.917133712768554688e+01
1.858764839172363281e+01
1.853711700439453125e+01
2.001400947570800781e+01
2.035095405578613281e+01
2.073493766784667969e+01
2.293746566772460938e+01
2.394075012207031250e+01
2.477780914306640625e+01
2.558368873596191406e+01
2.638597297668457031e+01
2.641195487976074219e+01
2.706752395629882812e+01
2.729630088806152344e+01
2.713720321655273438e+01
2.781267547607421875e+01
2.743447685241699219e+01
2.594754600524902344e+01
2.506172943115234375e+01
2.336221694946289062e+01
2.354716873168945312e+01
2.282812500000000000e+01
2.272820281982421875e+01
2.137217521667480469e+01
2.294460105895996094e+01
2.179707336425781250e+01
2.096987342834472656e+01
1.991904640197753906e+01
1.932738304138183594e+01
1.861104774475097656e+01
1.926076126098632812e+01
1.844055557250976562e+01
1.771041297912597656e+01
1.823808288574218750e+01
1.859341430664062500e+01
1.797246360778808594e+01
1.875349617004394531e+01
1.928034591674804688e+01
1.967593383789062500e+01
1.855388069152832031e+01
1.534507846832275391e+01
1.449006462097167969e+01
1.426262092590332031e+01
1.474135017395019531e+01
1.485022830963134766e+01
1.542464447021484375e+01
1.499209022521972656e+01
1.542961215972900391e+01
1.566128730773925781e+01
1.602176475524902344e+01
1.648299217224121094e+01
1.581041717529296875e+01
1.557611846923828125e+01
1.550197696685791016e+01
1.447379875183105469e+01
1.443521022796630859e+01
1.449402618408203125e+01
1.398019504547119141e+01
1.443084144592285156e+01
1.337236785888671875e+01
1.444760036468505859e+01
1.443663597106933594e+01
1.439194679260253906e+01
1.447295665740966797e+01
1.494244766235351562e+01
1.489818763732910156e+01
1.511542987823486328e+01
1.457196712493896484e+01
1.425121307373046875e+01
1.474276542663574219e+01
1.446740818023681641e+01
1.403396892547607422e+01
1.424172115325927734e+01
1.414473342895507812e+01
1.471849632263183594e+01
1.427052021026611328e+01
1.404139804840087891e+01
1.304526138305664062e+01
1.383132839202880859e+01
1.336489677429199219e+01
1.331568527221679688e+01
1.239211368560791016e+01
1.245849227905273438e+01
1.222279930114746094e+01
1.246475791931152344e+01
1.223662662506103516e+01
1.183576488494873047e+01
1.217314815521240234e+01
1.268562126159667969e+01
1.249019908905029297e+01
1.222234344482421875e+01
1.247738647460937500e+01
1.179817390441894531e+01
1.176940631866455078e+01
1.133850765228271484e+01
1.194599151611328125e+01
1.085209178924560547e+01
1.107450199127197266e+01
1.089668178558349609e+01
1.083458042144775391e+01
1.007945156097412109e+01
1.057407379150390625e+01
1.053170585632324219e+01
1.090607643127441406e+01
1.021932411193847656e+01
1.062043952941894531e+01
1.015366935729980469e+01
9.983365058898925781e+00
9.676159858703613281e+00
9.925609588623046875e+00
1.027780437469482422e+01
1.055208015441894531e+01
9.339843750000000000e+00
9.515574455261230469e+00
9.735685348510742188e+00
9.391896247863769531e+00
9.777174949645996094e+00
9.075916290283203125e+00
9.121236801147460938e+00
9.130788803100585938e+00
9.293595314025878906e+00
9.129143714904785156e+00
9.549992561340332031e+00
8.870060920715332031e+00
8.510677337646484375e+00
8.841957092285156250e+00
9.397919654846191406e+00
8.992539405822753906e+00
9.745230674743652344e+00
8.664931297302246094e+00
9.332795143127441406e+00
9.463564872741699219e+00
9.247840881347656250e+00
9.440757751464843750e+00
9.147105216979980469e+00
9.304396629333496094e+00
9.793716430664062500e+00
