0.000000000000000000e+00
3.758001804351806641e+00
3.191235303878784180e+00
2.665956974029541016e+00
2.086658716201782227e+00
1.589907765388488770e+00
1.145899653434753418e+00
6.681950688362121582e-01
4.821722507476806641e-01
3.777809739112854004e-01
2.685610055923461914e-01
2.292138338088989258e-01
2.072117030620574951e-01
1.701624989509582520e-01
1.737236380577087402e-01
1.703380793333053589e-01
1.838089525699615479e-01
2.163669317960739136e-01
2.557629048824310303e-01
2.516975700855255127e-01
2.428608834743499756e-01
2.715601325035095215e-01
3.068076074123382568e-01
3.895679414272308350e-01
4.393856823444366455e-01
5.755698680877685547e-01
7.056270837783813477e-01
8.270736932754516602e-01
9.691405296325683594e-01
1.111609339714050293e+00
1.288445830345153809e+00
1.480090141296386719e+00
1.703080534934997559e+00
1.938243269920349121e+00
2.159948825836181641e+00
2.352359294891357422e+00
2.499490737915039062e+00
2.597718715667724609e+00
2.675618886947631836e+00
2.702300548553466797e+00
2.741331100463867188e+00
2.777085065841674805e+00
2.808365345001220703e+00
2.839898347854614258e+00
2.860075712203979492e+00
2.897941350936889648e+00
2.942179441452026367e+00
2.968535661697387695e+00
2.994396686553955078e+00
3.019582986831665039e+00
3.044560194015502930e+00
3.072350502014160156e+00
3.098038673400878906e+00
3.121580123901367188e+00
3.138405323028564453e+00
3.157671928405761719e+00
3.173875808715820312e+00
3.182438373565673828e+00
3.191282272338867188e+00
3.203220605850219727e+00
3.210266590118408203e+00
3.222386121749877930e+00
3.234660387039184570e+00
3.245158672332763672e+00
3.259028673171997070e+00
3.272567987442016602e+00
3.290268182754516602e+00
3.303369760513305664e+00
3.314941406250000000e+00
3.325529336929321289e+00
3.335932731628417969e+00
3.347319841384887695e+00
3.354529619216918945e+00
3.359841346740722656e+00
3.365473031997680664e+00
3.369184017181396484e+00
3.372636318206787109e+00
3.373017549514770508e+00
3.374497175216674805e+00
3.378177642822265625e+00
3.378924608230590820e+00
3.383278369903564453e+00
3.384812116622924805e+00
3.388287067413330078e+00
3.390076160430908203e+00
3.388908147811889648e+00
3.390697717666625977e+00
3.392804622650146484e+00
3.395825624465942383e+00
3.398449897766113281e+00
3.402589082717895508e+00
3.403110742568969727e+00
3.402400970458984375e+00
3.402749776840209961e+00
3.402839660644531250e+00
3.404331445693969727e+00
3.406681060791015625e+00
3.409202575683593750e+00
3.413316249847412109e+00
3.416226625442504883e+00
3.416648387908935547e+00
3.420449256896972656e+00
3.422821283340454102e+00
3.425853252410888672e+00
3.427997350692749023e+00
3.427892684936523438e+00
3.424607992172241211e+00
3.418763637542724609e+00
3.416244745254516602e+00
3.411390542984008789e+00
3.408819913864135742e+00
3.406296014785766602e+00
3.404305458068847656e+00
3.401742219924926758e+00
3.401144027709960938e+00
3.401128530502319336e+00
3.398648500442504883e+00
3.397592782974243164e+00
3.397343397140502930e+00
3.398082971572875977e+00
3.398806571960449219e+00
3.396532535552978516e+00
3.396801471710205078e+00
3.397270679473876953e+00
3.398202657699584961e+00
3.399788618087768555e+00
3.400122642517089844e+00
3.399561166763305664e+00
3.398456573486328125e+00
3.397433042526245117e+00
3.398499011993408203e+00
3.399544239044189453e+00
3.399381875991821289e+00
3.399890184402465820e+00
3.400371074676513672e+00
3.400190830230712891e+00
3.397242784500122070e+00
3.397798061370849609e+00
3.398085355758666992e+00
3.397919416427612305e+00
3.397618770599365234e+00
3.397847175598144531e+00
3.398164510726928711e+00
3.397241353988647461e+00
3.395506858825683594e+00
3.394656658172607422e+00
3.392518043518066406e+00
3.390825986862182617e+00
3.390773057937622070e+00
3.391987562179565430e+00
3.388669252395629883e+00
3.386837482452392578e+00
3.385404109954833984e+00
3.388011217117309570e+00
3.388227462768554688e+00
3.387454509735107422e+00
3.386251926422119141e+00
3.386273384094238281e+00
3.385544538497924805e+00
3.387345075607299805e+00
3.387262821197509766e+00
3.388645172119140625e+00
3.389281272888183594e+00
3.390744209289550781e+00
3.389845848083496094e+00
3.389901161193847656e+00
3.390986680984497070e+00
3.391786575317382812e+00
3.391686916351318359e+00
3.393082857131958008e+00
3.393684387207031250e+00
3.395031452178955078e+00
3.397667407989501953e+00
3.397472620010375977e+00
3.400639533996582031e+00
3.402358531951904297e+00
3.404463768005371094e+00
3.406532764434814453e+00
3.406229734420776367e+00
3.407930612564086914e+00
3.409500598907470703e+00
3.411243677139282227e+00
3.415337800979614258e+00
3.418772935867309570e+00
3.422435045242309570e+00
3.424530982971191406e+00
3.426994085311889648e+00
3.429566383361816406e+00
3.430748939514160156e+00
3.431344032287597656e+00
3.432990550994873047e+00
3.435263633728027344e+00
3.437198162078857422e+00
3.440802812576293945e+00
3.442749500274658203e+00
3.445900917053222656e+00
3.447659254074096680e+00
3.450188875198364258e+00
3.452245950698852539e+00
3.454254865646362305e+00
