0.000000000000000000e+00
2.343293190002441406e+00
6.765755414962768555e-01
8.656463027000427246e-01
1.335314512252807617e+00
2.657274484634399414e+00
5.715745925903320312e+00
9.665021896362304688e+00
1.566999816894531250e+01
2.243794631958007812e+01
2.843502426147460938e+01
3.139043045043945312e+01
2.809749603271484375e+01
2.992195701599121094e+01
2.994735717773437500e+01
3.088686752319335938e+01
3.322098541259765625e+01
3.290325164794921875e+01
3.774912643432617188e+01
3.817093276977539062e+01
4.217927169799804688e+01
4.454627990722656250e+01
4.838531875610351562e+01
5.102605438232421875e+01
5.040433502197265625e+01
4.973094940185546875e+01
4.293066787719726562e+01
4.400907516479492188e+01
4.425786972045898438e+01
4.391328430175781250e+01
5.163394546508789062e+01
5.853628540039062500e+01
6.051156997680664062e+01
6.621086883544921875e+01
6.592231750488281250e+01
6.384280776977539062e+01
6.854934692382812500e+01
6.740819549560546875e+01
7.008753204345703125e+01
6.973677825927734375e+01
6.877762603759765625e+01
6.389496612548828125e+01
5.956951522827148438e+01
5.396652603149414062e+01
4.226205062866210938e+01
3.788382720947265625e+01
3.658571243286132812e+01
3.740893173217773438e+01
4.133205413818359375e+01
4.227500915527343750e+01
4.492324447631835938e+01
4.474636840820312500e+01
4.720884323120117188e+01
4.775564956665039062e+01
4.758264160156250000e+01
5.103342819213867188e+01
4.912260055541992188e+01
4.762178039550781250e+01
4.544337463378906250e+01
4.289653015136718750e+01
3.948675155639648438e+01
3.549325942993164062e+01
3.768727874755859375e+01
3.949962615966796875e+01
3.724177551269531250e+01
3.722565460205078125e+01
4.021402359008789062e+01
3.969781494140625000e+01
3.607553100585937500e+01
3.580110168457031250e+01
3.477471923828125000e+01
3.429185485839843750e+01
3.354016494750976562e+01
3.296136093139648438e+01
3.305295562744140625e+01
3.425626373291015625e+01
3.480481338500976562e+01
3.733312988281250000e+01
3.716791915893554688e+01
3.616929244995117188e+01
3.620567321777343750e+01
3.446549224853515625e+01
3.342986679077148438e+01
3.301318359375000000e+01
3.286625671386718750e+01
3.148174667358398438e+01
3.182394599914550781e+01
3.032619857788085938e+01
2.981242752075195312e+01
2.875925445556640625e+01
3.007049369812011719e+01
2.940465545654296875e+01
2.977715301513671875e+01
3.039031219482421875e+01
3.056241035461425781e+01
3.375232315063476562e+01
3.215164566040039062e+01
3.067804718017578125e+01
2.925885963439941406e+01
2.826796913146972656e+01
2.880235099792480469e+01
2.830128860473632812e+01
2.949614143371582031e+01
2.770569038391113281e+01
2.801404762268066406e+01
2.989570999145507812e+01
2.938882255554199219e+01
2.948818778991699219e+01
3.212361145019531250e+01
3.250166702270507812e+01
3.501347351074218750e+01
3.695721817016601562e+01
3.895222091674804688e+01
4.125042724609375000e+01
4.055820083618164062e+01
3.962928390502929688e+01
4.085068130493164062e+01
3.776367187500000000e+01
3.600053787231445312e+01
3.370306015014648438e+01
3.207424163818359375e+01
3.121092605590820312e+01
3.029219818115234375e+01
3.008374977111816406e+01
2.882042121887207031e+01
2.992830848693847656e+01
2.912156677246093750e+01
2.900531959533691406e+01
3.006716346740722656e+01
3.038214492797851562e+01
3.040669059753417969e+01
3.054691314697265625e+01
2.855130004882812500e+01
2.917802429199218750e+01
2.863922309875488281e+01
2.851562881469726562e+01
2.736847305297851562e+01
2.807932090759277344e+01
2.743391418457031250e+01
2.801190567016601562e+01
2.798711967468261719e+01
3.049370002746582031e+01
2.981281280517578125e+01
2.859135627746582031e+01
2.949797248840332031e+01
3.004600334167480469e+01
2.832332038879394531e+01
2.802198410034179688e+01
2.939893722534179688e+01
2.832254219055175781e+01
2.937843132019042969e+01
2.900140190124511719e+01
2.909736061096191406e+01
2.961890602111816406e+01
2.879770278930664062e+01
2.895086097717285156e+01
2.873944664001464844e+01
2.909145355224609375e+01
3.123645973205566406e+01
3.186814117431640625e+01
3.274676895141601562e+01
3.278433609008789062e+01
3.312795639038085938e+01
3.204908752441406250e+01
3.178486061096191406e+01
3.161026191711425781e+01
3.119967842102050781e+01
3.130213928222656250e+01
3.013557052612304688e+01
3.089848136901855469e+01
3.077790641784667969e+01
3.031444549560546875e+01
2.974462509155273438e+01
3.016147613525390625e+01
2.888605880737304688e+01
2.999261665344238281e+01
3.037787437438964844e+01
3.036077880859375000e+01
3.046963310241699219e+01
2.919572830200195312e+01
2.996635246276855469e+01
3.113143539428710938e+01
3.059040451049804688e+01
3.064704513549804688e+01
3.051659011840820312e+01
2.994542884826660156e+01
3.143715095520019531e+01
3.167152404785156250e+01
3.211832427978515625e+01
3.360253524780273438e+01
3.460003280639648438e+01
3.294866943359375000e+01
3.267836761474609375e+01
3.255421447753906250e+01
3.225454711914062500e+01
3.226346206665039062e+01
3.174279594421386719e+01
3.215127944946289062e+01
3.270692825317382812e+01
3.290119552612304688e+01
