0.000000000000000000e+00
2.170357704162597656e+00
4.748175442218780518e-01
5.857996940612792969e-01
9.829354882240295410e-01
3.898281335830688477e+00
4.606915950775146484e+00
6.774993419647216797e+00
9.686609268188476562e+00
1.196303081512451172e+01
1.219491577148437500e+01
1.228291797637939453e+01
1.564585781097412109e+01
1.647486686706542969e+01
1.866620635986328125e+01
2.268619155883789062e+01
3.065318679809570312e+01
3.554560852050781250e+01
4.434460830688476562e+01
5.028009414672851562e+01
8.274697875976562500e+01
9.798698425292968750e+01
9.285442352294921875e+01
9.083705902099609375e+01
7.120952606201171875e+01
6.156916427612304688e+01
5.925155258178710938e+01
5.780451202392578125e+01
6.807225036621093750e+01
7.097196960449218750e+01
5.661211776733398438e+01
4.920128250122070312e+01
4.420501327514648438e+01
5.434418869018554688e+01
5.999885940551757812e+01
5.821403121948242188e+01
5.532591629028320312e+01
6.244754028320312500e+01
6.138488769531250000e+01
6.432360076904296875e+01
6.993412780761718750e+01
7.550282287597656250e+01
7.757235717773437500e+01
8.345501708984375000e+01
8.622936248779296875e+01
9.873239898681640625e+01
1.021634674072265625e+02
1.120343246459960938e+02
1.211251525878906250e+02
1.305603637695312500e+02
1.285991210937500000e+02
1.255497665405273438e+02
1.166282958984375000e+02
1.090653533935546875e+02
9.991844177246093750e+01
9.193323516845703125e+01
8.255098724365234375e+01
9.584705352783203125e+01
1.206387252807617188e+02
1.135577850341796875e+02
1.045121002197265625e+02
9.394847106933593750e+01
8.999384307861328125e+01
8.605649566650390625e+01
7.678488922119140625e+01
6.912799072265625000e+01
6.245005416870117188e+01
5.319138336181640625e+01
4.993896102905273438e+01
4.404423522949218750e+01
4.207860946655273438e+01
4.010233306884765625e+01
4.366353607177734375e+01
4.274569702148437500e+01
4.251484298706054688e+01
4.043737411499023438e+01
4.047074127197265625e+01
4.285682296752929688e+01
4.222736740112304688e+01
4.901925659179687500e+01
4.480175399780273438e+01
4.181103134155273438e+01
3.859246444702148438e+01
3.741574859619140625e+01
3.529956817626953125e+01
3.665980148315429688e+01
3.662282943725585938e+01
3.658014678955078125e+01
3.760677337646484375e+01
3.887035369873046875e+01
4.152380371093750000e+01
3.865543365478515625e+01
3.549193572998046875e+01
3.242830657958984375e+01
2.946566200256347656e+01
3.062461662292480469e+01
3.141266059875488281e+01
3.182479286193847656e+01
3.293952178955078125e+01
3.365198135375976562e+01
3.530492019653320312e+01
3.376445770263671875e+01
3.471808624267578125e+01
3.307751846313476562e+01
3.384006118774414062e+01
3.380542373657226562e+01
3.412764358520507812e+01
3.427253723144531250e+01
3.582343673706054688e+01
3.468962478637695312e+01
3.560853195190429688e+01
3.822000122070312500e+01
3.806600189208984375e+01
3.798921203613281250e+01
3.845095443725585938e+01
3.845735931396484375e+01
3.935678100585937500e+01
4.065242004394531250e+01
4.209505462646484375e+01
4.173525619506835938e+01
4.076889801025390625e+01
4.175819396972656250e+01
4.256584167480468750e+01
4.128736114501953125e+01
4.146167373657226562e+01
4.115735244750976562e+01
4.170209121704101562e+01
4.066781997680664062e+01
3.914583969116210938e+01
3.945835876464843750e+01
4.003720474243164062e+01
4.197856903076171875e+01
4.129363250732421875e+01
4.141663360595703125e+01
4.194842910766601562e+01
4.117675018310546875e+01
4.086423110961914062e+01
3.972282028198242188e+01
4.014776229858398438e+01
4.032281875610351562e+01
4.057934188842773438e+01
4.055448150634765625e+01
4.017303085327148438e+01
3.977922058105468750e+01
3.936264038085937500e+01
3.731619644165039062e+01
3.661285781860351562e+01
3.697809219360351562e+01
3.635132980346679688e+01
3.549214172363281250e+01
3.528974914550781250e+01
3.386289215087890625e+01
3.497652816772460938e+01
3.574570846557617188e+01
3.457753753662109375e+01
3.511904525756835938e+01
3.483887863159179688e+01
3.540130615234375000e+01
3.660684204101562500e+01
3.622138977050781250e+01
3.475970077514648438e+01
3.598196411132812500e+01
3.599189758300781250e+01
3.677552795410156250e+01
3.608538818359375000e+01
3.515261840820312500e+01
3.703653717041015625e+01
3.622304916381835938e+01
3.780321884155273438e+01
3.884357833862304688e+01
3.726970291137695312e+01
3.819834518432617188e+01
3.966164016723632812e+01
3.879914093017578125e+01
3.940015792846679688e+01
4.006809616088867188e+01
4.196891403198242188e+01
4.098222732543945312e+01
4.069445419311523438e+01
3.961375808715820312e+01
4.014395523071289062e+01
4.025658416748046875e+01
3.997737503051757812e+01
3.870993041992187500e+01
3.703490447998046875e+01
3.530168151855468750e+01
3.383214569091796875e+01
3.115559005737304688e+01
2.963575363159179688e+01
2.870066070556640625e+01
3.074735832214355469e+01
2.986751365661621094e+01
3.145651626586914062e+01
3.063019943237304688e+01
2.951316642761230469e+01
2.978707695007324219e+01
3.029263877868652344e+01
2.950462913513183594e+01
3.009730148315429688e+01
2.855815124511718750e+01
