0.000000000000000000e+00
3.763355493545532227e+00
3.486768960952758789e+00
3.308942556381225586e+00
3.168413639068603516e+00
3.109493732452392578e+00
3.129199743270874023e+00
3.117409467697143555e+00
3.179922819137573242e+00
3.241259336471557617e+00
3.251706123352050781e+00
3.335637569427490234e+00
3.383035421371459961e+00
3.356958627700805664e+00
3.366839170455932617e+00
3.358403682708740234e+00
3.381486415863037109e+00
3.396212339401245117e+00
3.400227785110473633e+00
3.385430574417114258e+00
3.377250432968139648e+00
3.383381605148315430e+00
3.391762971878051758e+00
3.390258312225341797e+00
3.382545948028564453e+00
3.375836849212646484e+00
3.371642112731933594e+00
3.364521265029907227e+00
3.361116409301757812e+00
3.354753494262695312e+00
3.350174427032470703e+00
3.347320795059204102e+00
3.349606990814208984e+00
3.351671457290649414e+00
3.353695869445800781e+00
3.357271432876586914e+00
3.360497951507568359e+00
3.363226652145385742e+00
3.364373922348022461e+00
3.362556695938110352e+00
3.360831022262573242e+00
3.358226537704467773e+00
3.359428644180297852e+00
3.360387325286865234e+00
3.358109951019287109e+00
3.359834909439086914e+00
3.358926773071289062e+00
3.359349012374877930e+00
3.359018087387084961e+00
3.361339569091796875e+00
3.362652540206909180e+00
3.364806413650512695e+00
3.366888523101806641e+00
3.370679616928100586e+00
3.372912883758544922e+00
3.375487089157104492e+00
3.378508329391479492e+00
3.378577470779418945e+00
3.381296157836914062e+00
3.384246826171875000e+00
3.385346412658691406e+00
3.385276794433593750e+00
3.384096860885620117e+00
3.379213094711303711e+00
3.376251935958862305e+00
3.374479532241821289e+00
3.373582124710083008e+00
3.375001430511474609e+00
3.376694440841674805e+00
3.382376194000244141e+00
3.386615991592407227e+00
3.390802621841430664e+00
3.395219802856445312e+00
3.400964260101318359e+00
3.405828237533569336e+00
3.411534070968627930e+00
3.415155172348022461e+00
3.417094230651855469e+00
3.419353961944580078e+00
3.420662403106689453e+00
3.422574520111083984e+00
3.425003767013549805e+00
3.427287101745605469e+00
3.429498195648193359e+00
3.433519601821899414e+00
3.434845447540283203e+00
3.436504840850830078e+00
3.437999963760375977e+00
3.441094398498535156e+00
3.443742513656616211e+00
3.446848869323730469e+00
3.448050737380981445e+00
3.448854923248291016e+00
3.449474811553955078e+00
3.449286699295043945e+00
3.451384067535400391e+00
3.453931808471679688e+00
3.457042932510375977e+00
3.459142684936523438e+00
3.462333679199218750e+00
3.464611291885375977e+00
3.468854188919067383e+00
3.472744226455688477e+00
3.474818944931030273e+00
3.477443933486938477e+00
3.479383468627929688e+00
3.479684114456176758e+00
3.479394435882568359e+00
3.481101751327514648e+00
3.482459068298339844e+00
3.482423543930053711e+00
3.484180212020874023e+00
3.485097646713256836e+00
3.485744953155517578e+00
3.486951112747192383e+00
3.487793445587158203e+00
3.488129377365112305e+00
3.487379550933837891e+00
3.486886739730834961e+00
3.487622499465942383e+00
3.488763093948364258e+00
3.489421606063842773e+00
3.490623712539672852e+00
3.492129802703857422e+00
3.493857860565185547e+00
3.496809482574462891e+00
3.499332427978515625e+00
3.500704526901245117e+00
3.502973556518554688e+00
3.504470109939575195e+00
3.504698276519775391e+00
3.504583597183227539e+00
3.504507780075073242e+00
3.502879619598388672e+00
3.501652240753173828e+00
3.500311613082885742e+00
3.497243642807006836e+00
3.495904445648193359e+00
3.493781328201293945e+00
3.491947174072265625e+00
3.487633228302001953e+00
3.482496023178100586e+00
3.476626396179199219e+00
3.470106601715087891e+00
3.465222597122192383e+00
3.459562540054321289e+00
3.451362371444702148e+00
3.445167303085327148e+00
3.441704034805297852e+00
3.437096118927001953e+00
3.433713674545288086e+00
3.431756734848022461e+00
3.434424877166748047e+00
3.439822912216186523e+00
3.442894697189331055e+00
3.444353818893432617e+00
3.446442842483520508e+00
3.448819398880004883e+00
3.450864791870117188e+00
3.454218864440917969e+00
3.455265045166015625e+00
3.457388162612915039e+00
3.458863735198974609e+00
3.458807706832885742e+00
3.458851575851440430e+00
3.458854436874389648e+00
3.459508657455444336e+00
3.458818197250366211e+00
3.458804845809936523e+00
3.460384845733642578e+00
3.462425470352172852e+00
3.463844299316406250e+00
3.465878486633300781e+00
3.467670917510986328e+00
3.469822645187377930e+00
3.471302032470703125e+00
3.473846673965454102e+00
3.476563453674316406e+00
3.477746963500976562e+00
3.480154275894165039e+00
3.482342243194580078e+00
3.482961893081665039e+00
3.484744548797607422e+00
3.485995531082153320e+00
3.487792491912841797e+00
3.489337921142578125e+00
3.491096735000610352e+00
3.494514226913452148e+00
3.496047496795654297e+00
3.497237682342529297e+00
3.498838901519775391e+00
3.500808000564575195e+00
3.501258373260498047e+00
3.501803398132324219e+00
3.502552270889282227e+00
3.503776073455810547e+00
3.504928827285766602e+00
3.505488872528076172e+00
3.505182504653930664e+00
3.506053686141967773e+00
