-1.402849975585937500e+03
-4.780526428222656250e+02
-1.323258361816406250e+02
-1.795787353515625000e+02
-1.837218170166015625e+02
-2.773209533691406250e+02
-1.806911163330078125e+02
-2.216472167968750000e+02
-2.176774597167968750e+02
-1.552239990234375000e+02
-1.229913177490234375e+02
-2.485931396484375000e+02
-2.552515563964843750e+02
-1.535061492919921875e+02
-2.015709533691406250e+02
-1.247629013061523438e+02
-1.458319549560546875e+02
-1.908667602539062500e+02
-1.582798767089843750e+02
-1.837751617431640625e+02
-1.422149963378906250e+02
