0.000000000000000000e+00
3.763020515441894531e+00
3.466414690017700195e+00
3.272578954696655273e+00
3.129240751266479492e+00
3.084278345108032227e+00
3.120779514312744141e+00
3.038589239120483398e+00
3.129808187484741211e+00
3.208387136459350586e+00
3.204305171966552734e+00
3.261410713195800781e+00
3.296147823333740234e+00
3.297767639160156250e+00
3.315293550491333008e+00
3.301697492599487305e+00
3.315220355987548828e+00
3.322505950927734375e+00
3.324676513671875000e+00
3.193792104721069336e+00
3.188330173492431641e+00
3.196709632873535156e+00
3.211229562759399414e+00
3.220456838607788086e+00
3.223859071731567383e+00
3.231279850006103516e+00
3.233780622482299805e+00
3.238446712493896484e+00
3.237168788909912109e+00
3.235774755477905273e+00
3.234486818313598633e+00
3.236313104629516602e+00
3.238968849182128906e+00
3.239665985107421875e+00
3.235541582107543945e+00
3.229486703872680664e+00
3.226325273513793945e+00
3.219447374343872070e+00
3.217296600341796875e+00
3.210655927658081055e+00
3.207883596420288086e+00
3.206667661666870117e+00
3.203344821929931641e+00
3.201246500015258789e+00
3.195808410644531250e+00
3.192376613616943359e+00
3.188708066940307617e+00
3.191632747650146484e+00
3.188681602478027344e+00
3.186220645904541016e+00
3.183981895446777344e+00
3.182129859924316406e+00
3.178150892257690430e+00
3.175028800964355469e+00
3.170066118240356445e+00
3.168838262557983398e+00
3.171342611312866211e+00
3.173282146453857422e+00
3.175604581832885742e+00
3.180625915527343750e+00
3.184358358383178711e+00
3.184498310089111328e+00
3.186986684799194336e+00
3.185662031173706055e+00
3.187861919403076172e+00
3.189742565155029297e+00
3.192633152008056641e+00
3.197073936462402344e+00
3.199087858200073242e+00
3.204724073410034180e+00
3.209444284439086914e+00
3.212976694107055664e+00
3.213975191116333008e+00
3.219125032424926758e+00
3.218691587448120117e+00
3.220293045043945312e+00
3.222137451171875000e+00
3.221348047256469727e+00
3.220009326934814453e+00
3.219023942947387695e+00
3.216989755630493164e+00
3.215966939926147461e+00
3.217996597290039062e+00
3.220594644546508789e+00
3.226356029510498047e+00
3.229211091995239258e+00
3.232213497161865234e+00
3.235689878463745117e+00
3.243444442749023438e+00
3.250264644622802734e+00
3.256536483764648438e+00
3.261728525161743164e+00
3.266561746597290039e+00
3.271464347839355469e+00
3.273800849914550781e+00
3.279305458068847656e+00
3.284624814987182617e+00
3.288987874984741211e+00
3.293949127197265625e+00
3.301907539367675781e+00
3.304718255996704102e+00
3.309533596038818359e+00
3.313792467117309570e+00
3.317696332931518555e+00
3.321196556091308594e+00
3.323781251907348633e+00
3.324804067611694336e+00
3.326559543609619141e+00
3.327340841293334961e+00
3.327748060226440430e+00
3.325652837753295898e+00
3.326049566268920898e+00
3.326811313629150391e+00
3.328171968460083008e+00
3.330108642578125000e+00
3.330467939376831055e+00
3.331719875335693359e+00
3.332824707031250000e+00
3.331499814987182617e+00
3.330749034881591797e+00
3.331915378570556641e+00
3.331779956817626953e+00
3.330503463745117188e+00
3.331684589385986328e+00
3.331946372985839844e+00
3.333973169326782227e+00
3.334603548049926758e+00
3.336526393890380859e+00
3.339833736419677734e+00
3.342244148254394531e+00
3.346302270889282227e+00
3.348282337188720703e+00
3.349829673767089844e+00
3.351855993270874023e+00
3.354290485382080078e+00
3.356413841247558594e+00
3.357127428054809570e+00
3.361007928848266602e+00
3.362529754638671875e+00
3.364228487014770508e+00
3.366711854934692383e+00
3.368442296981811523e+00
3.370745182037353516e+00
3.371286630630493164e+00
3.372103452682495117e+00
3.371890306472778320e+00
3.372383356094360352e+00
3.373542070388793945e+00
3.374562025070190430e+00
3.377216339111328125e+00
3.377414226531982422e+00
3.378382921218872070e+00
3.380546331405639648e+00
3.383840322494506836e+00
3.386601448059082031e+00
3.387868642807006836e+00
3.388930559158325195e+00
3.390573263168334961e+00
3.392827749252319336e+00
3.395327806472778320e+00
3.395076274871826172e+00
3.397683620452880859e+00
3.398048877716064453e+00
3.399311542510986328e+00
3.398603439331054688e+00
3.397755384445190430e+00
3.398498535156250000e+00
3.399850368499755859e+00
3.400671720504760742e+00
3.401258230209350586e+00
3.402650833129882812e+00
3.403501987457275391e+00
3.404524803161621094e+00
3.404497385025024414e+00
3.406993150711059570e+00
3.405901908874511719e+00
3.405587911605834961e+00
3.406462430953979492e+00
3.405202150344848633e+00
3.406327009201049805e+00
3.406612873077392578e+00
3.406765699386596680e+00
3.408344745635986328e+00
3.408885717391967773e+00
3.411432504653930664e+00
3.411464452743530273e+00
3.411154270172119141e+00
3.415226936340332031e+00
3.415303230285644531e+00
3.415974617004394531e+00
3.416271448135375977e+00
3.417803764343261719e+00
3.418069362640380859e+00
3.418710708618164062e+00
3.419072151184082031e+00
3.420195579528808594e+00
3.422325611114501953e+00
3.423490285873413086e+00
3.423548221588134766e+00
3.425877332687377930e+00
