-1.402849975585937500e+03
-3.029511413574218750e+02
-1.332673492431640625e+02
-1.576406555175781250e+02
-1.675259552001953125e+02
-2.666019592285156250e+02
-1.745313873291015625e+02
-2.105712585449218750e+02
-2.150470733642578125e+02
-1.673158874511718750e+02
-1.111605606079101562e+02
-2.069762878417968750e+02
-2.336673278808593750e+02
-1.668234558105468750e+02
-1.926538085937500000e+02
-1.593665008544921875e+02
-1.442684020996093750e+02
-2.135314025878906250e+02
-1.897893066406250000e+02
-1.862503051757812500e+02
-1.636298370361328125e+02
