0.000000000000000000e+00
3.782189130783081055e+00
3.555239677429199219e+00
3.421670436859130859e+00
3.348807573318481445e+00
3.357715606689453125e+00
3.411515951156616211e+00
3.288664102554321289e+00
3.361303329467773438e+00
3.417426347732543945e+00
3.384435176849365234e+00
3.420898914337158203e+00
3.433790206909179688e+00
3.421131849288940430e+00
3.423651695251464844e+00
3.380410671234130859e+00
3.394943952560424805e+00
3.409979104995727539e+00
3.421720027923583984e+00
3.415837287902832031e+00
3.413818836212158203e+00
3.417296886444091797e+00
3.414862871170043945e+00
3.406012773513793945e+00
3.393056154251098633e+00
3.383983850479125977e+00
3.375203609466552734e+00
3.368334054946899414e+00
3.359938383102416992e+00
3.354336977005004883e+00
3.350928306579589844e+00
3.347573518753051758e+00
3.347208976745605469e+00
3.346434831619262695e+00
3.345195293426513672e+00
3.342634677886962891e+00
3.340518236160278320e+00
3.336912631988525391e+00
3.332337379455566406e+00
3.329142093658447266e+00
3.324288368225097656e+00
3.321477890014648438e+00
3.316958189010620117e+00
3.311297416687011719e+00
3.304883718490600586e+00
3.300351619720458984e+00
3.295274972915649414e+00
3.291041374206542969e+00
3.288402795791625977e+00
3.289138078689575195e+00
3.290135145187377930e+00
3.289965391159057617e+00
3.290553092956542969e+00
3.291226863861083984e+00
3.290009260177612305e+00
3.289518117904663086e+00
3.289101600646972656e+00
3.286899089813232422e+00
3.284729003906250000e+00
3.283549547195434570e+00
3.283372402191162109e+00
3.284294843673706055e+00
3.283352613449096680e+00
3.281288862228393555e+00
3.281509160995483398e+00
3.282949209213256836e+00
3.284277915954589844e+00
3.285207986831665039e+00
3.287939310073852539e+00
3.290366649627685547e+00
3.292211055755615234e+00
3.293902158737182617e+00
3.294826269149780273e+00
3.297427177429199219e+00
3.298122167587280273e+00
3.298885583877563477e+00
3.297964572906494141e+00
3.296824216842651367e+00
3.296132802963256836e+00
3.295417547225952148e+00
3.295243501663208008e+00
3.296343326568603516e+00
3.298600673675537109e+00
3.301648855209350586e+00
3.304552555084228516e+00
3.304871559143066406e+00
3.306208610534667969e+00
3.306774377822875977e+00
3.307919502258300781e+00
3.307546377182006836e+00
3.307834148406982422e+00
3.308810949325561523e+00
3.310641527175903320e+00
3.311330556869506836e+00
3.312646865844726562e+00
3.315283298492431641e+00
3.316197872161865234e+00
3.317924737930297852e+00
3.319517612457275391e+00
3.321458101272583008e+00
3.322893619537353516e+00
3.325497150421142578e+00
3.328820228576660156e+00
3.329905509948730469e+00
3.330481052398681641e+00
3.332375764846801758e+00
3.333237409591674805e+00
3.333387136459350586e+00
3.334511280059814453e+00
3.334338903427124023e+00
3.332072496414184570e+00
3.332721233367919922e+00
3.332861900329589844e+00
3.331583499908447266e+00
3.331204652786254883e+00
3.328971147537231445e+00
3.327493667602539062e+00
3.325715303421020508e+00
3.324853897094726562e+00
3.324774265289306641e+00
3.324681043624877930e+00
3.322436809539794922e+00
3.320707321166992188e+00
3.320204734802246094e+00
3.319071769714355469e+00
3.319748640060424805e+00
3.319484233856201172e+00
3.319291591644287109e+00
3.320256233215332031e+00
3.321475505828857422e+00
3.323339939117431641e+00
3.323348045349121094e+00
3.323004007339477539e+00
3.322234153747558594e+00
3.322487831115722656e+00
3.321942806243896484e+00
3.320157766342163086e+00
3.320184946060180664e+00
3.319137334823608398e+00
3.318405628204345703e+00
3.318295717239379883e+00
3.318234205245971680e+00
3.316881418228149414e+00
3.315067529678344727e+00
3.314767122268676758e+00
3.313870429992675781e+00
3.311584949493408203e+00
3.310362577438354492e+00
3.309424877166748047e+00
3.309373378753662109e+00
3.307414531707763672e+00
3.306788444519042969e+00
3.307259798049926758e+00
3.309014558792114258e+00
3.308559656143188477e+00
3.308076858520507812e+00
3.307336330413818359e+00
3.307585000991821289e+00
3.306268453598022461e+00
3.306550979614257812e+00
3.305866718292236328e+00
3.306771516799926758e+00
3.308249711990356445e+00
3.308488130569458008e+00
3.306631326675415039e+00
3.306650400161743164e+00
3.307774066925048828e+00
3.308001518249511719e+00
3.308369874954223633e+00
3.309783697128295898e+00
3.310494184494018555e+00
3.311386823654174805e+00
3.312325239181518555e+00
3.311367273330688477e+00
3.314139127731323242e+00
3.314485073089599609e+00
3.315031290054321289e+00
3.316225051879882812e+00
3.317027330398559570e+00
3.318488836288452148e+00
3.318673849105834961e+00
3.318217277526855469e+00
3.321717262268066406e+00
3.322410106658935547e+00
3.324676752090454102e+00
3.325586557388305664e+00
3.325237274169921875e+00
3.326634883880615234e+00
3.324519634246826172e+00
3.323732137680053711e+00
3.325075626373291016e+00
3.324828147888183594e+00
3.324894666671752930e+00
3.324804782867431641e+00
3.323776960372924805e+00
3.324875116348266602e+00
3.326724052429199219e+00
3.328091859817504883e+00
3.327788114547729492e+00
3.328925371170043945e+00
