-1.549697998046875000e+03
-3.017043762207031250e+02
-1.347878723144531250e+02
-1.562523193359375000e+02
-1.626963958740234375e+02
-2.519305419921875000e+02
-1.705544433593750000e+02
-1.935921173095703125e+02
-1.898096160888671875e+02
-1.538150177001953125e+02
-1.103901824951171875e+02
-2.046849365234375000e+02
-2.325891418457031250e+02
-1.615491638183593750e+02
-1.908335266113281250e+02
-1.352620544433593750e+02
-1.562455749511718750e+02
-2.032932128906250000e+02
-1.801826171875000000e+02
-1.830317687988281250e+02
-1.560776062011718750e+02
