-1.427631225585937500e+03
-1.320836914062500000e+03
-6.855620117187500000e+02
-1.612461547851562500e+02
-3.663724975585937500e+02
-2.690296325683593750e+02
-1.589348449707031250e+02
-1.789841003417968750e+02
-2.109464111328125000e+02
-1.295107727050781250e+02
-1.233701782226562500e+02
-1.801265411376953125e+02
-2.132868652343750000e+02
-1.521874084472656250e+02
-1.557064514160156250e+02
-1.237697982788085938e+02
-1.384369506835937500e+02
-1.656872863769531250e+02
-1.297945709228515625e+02
-1.513153839111328125e+02
-1.421728820800781250e+02
